0.478
0.489
0.489
0.695
0.695
0.698
0.725
0.726
0.75
0.774
0.815
0.816
0.833
0.848
0.849
0.854
0.89
0.901
0.902
0.907
0.909
0.912
0.917
0.939
0.942
0.948
0.949
0.953
0.961
0.964
0.968
0.976
0.979
0.992
0.996
0.997
0.998
0.999
1
1.003
1.003
1.003
1.007
1.023
1.026
1.028
1.031
1.04
1.041
1.054
1.056
1.058
1.061
1.063
1.066
1.067
1.076
1.082
1.083
1.087
1.09
1.091
1.099
1.101
1.102
1.102
1.104
1.106
1.11
1.111
1.116
1.116
1.118
1.118
1.119
1.123
1.123
1.124
1.124
1.125
1.126
1.129
1.131
1.133
1.134
1.134
1.136
1.138
1.138
1.138
1.14
1.141
1.15
1.15
1.151
1.153
1.154
1.155
1.157
1.158
1.16
1.16
1.162
1.166
1.168
1.168
1.168
1.169
1.169
1.171
1.175
1.178
1.178
1.178
1.183
1.186
1.187
1.19
1.193
1.194
1.2
1.2
1.202
1.202
1.202
1.204
1.204
1.208
1.209
1.209
1.21
1.21
1.21
1.21
1.212
1.213
1.213
1.216
1.216
1.218
1.218
1.219
1.219
1.22
1.22
1.221
1.221
1.222
1.222
1.222
1.223
1.227
1.227
1.227
1.228
1.229
1.229
1.229
1.232
1.233
1.235
1.236
1.236
1.236
1.239
1.239
1.24
1.24
1.24
1.24
1.24
1.241
1.242
1.247
1.249
1.254
1.254
1.255
1.255
1.256
1.256
1.256
1.257
1.257
1.258
1.259
1.26
1.26
1.261
1.262
1.263
1.263
1.264
1.267
1.267
1.268
1.27
1.272
1.275
1.276
1.277
1.278
1.279
1.28
1.28
1.281
1.282
1.283
1.283
1.285
1.287
1.288
1.288
1.289
1.291
1.293
1.294
1.294
1.294
1.294
1.296
1.298
1.301
1.302
1.303
1.304
1.304
1.305
1.305
1.305
1.307
1.308
1.308
1.308
1.309
1.309
1.309
1.31
1.311
1.312
1.313
1.313
1.313
1.315
1.316
1.319
1.32
1.321
1.322
1.322
1.323
1.323
1.323
1.325
1.325
1.325
1.325
1.325
1.326
1.327
1.327
1.327
1.327
1.327
1.327
1.328
1.328
1.329
1.329
1.33
1.33
1.332
1.332
1.332
1.333
1.334
1.334
1.334
1.335
1.336
1.336
1.337
1.338
1.339
1.34
1.341
1.341
1.342
1.342
1.343
1.344
1.344
1.345
1.345
1.345
1.346
1.346
1.347
1.347
1.348
1.348
1.349
1.35
1.351
1.352
1.352
1.353
1.354
1.355
1.355
1.355
1.356
1.356
1.358
1.359
1.36
1.363
1.363
1.363
1.364
1.364
1.364
1.364
1.366
1.366
1.366
1.367
1.367
1.368
1.368
1.368
1.368
1.368
1.369
1.369
1.37
1.371
1.371
1.372
1.373
1.374
1.374
1.374
1.374
1.375
1.375
1.376
1.376
1.376
1.377
1.377
1.377
1.377
1.378
1.378
1.379
1.38
1.381
1.381
1.382
1.382
1.382
1.382
1.382
1.386
1.386
1.386
1.386
1.386
1.387
1.387
1.388
1.388
1.388
1.389
1.392
1.394
1.394
1.395
1.395
1.396
1.396
1.397
1.398
1.398
1.4
1.402
1.403
1.403
1.404
1.404
1.407
1.407
1.408
1.408
1.409
1.409
1.409
1.409
1.41
1.412
1.412
1.412
1.413
1.413
1.414
1.415
1.415
1.415
1.415
1.415
1.416
1.417
1.417
1.417
1.417
1.417
1.418
1.418
1.419
1.419
1.419
1.419
1.42
1.42
1.421
1.422
1.422
1.422
1.423
1.423
1.424
1.425
1.426
1.426
1.426
1.426
1.428
1.428
1.429
1.43
1.43
1.43
1.43
1.43
1.431
1.431
1.431
1.432
1.432
1.434
1.435
1.435
1.435
1.436
1.436
1.438
1.439
1.439
1.44
1.44
1.441
1.441
1.442
1.443
1.444
1.444
1.445
1.446
1.446
1.446
1.446
1.447
1.447
1.447
1.448
1.449
1.449
1.449
1.45
1.45
1.45
1.45
1.451
1.453
1.453
1.454
1.455
1.455
1.455
1.455
1.456
1.456
1.458
1.458
1.458
1.459
1.459
1.46
1.46
1.46
1.461
1.461
1.462
1.462
1.462
1.462
1.463
1.463
1.463
1.463
1.464
1.465
1.465
1.466
1.466
1.466
1.466
1.467
1.467
1.468
1.468
1.468
1.468
1.469
1.469
1.47
1.47
1.471
1.471
1.471
1.472
1.473
1.474
1.475
1.475
1.475
1.476
1.477
1.478
1.478
1.479
1.48
1.48
1.481
1.481
1.481
1.482
1.482
1.483
1.483
1.483
1.483
1.483
1.484
1.484
1.484
1.484
1.484
1.486
1.486
1.486
1.486
1.487
1.487
1.487
1.488
1.488
1.488
1.488
1.49
1.49
1.49
1.491
1.492
1.492
1.493
1.493
1.494
1.494
1.494
1.495
1.495
1.496
1.496
1.496
1.497
1.497
1.499
1.499
1.499
1.499
1.499
1.5
1.5
1.501
1.501
1.501
1.501
1.502
1.502
1.502
1.503
1.504
1.505
1.505
1.505
1.505
1.506
1.507
1.507
1.508
1.508
1.509
1.509
1.509
1.51
1.51
1.51
1.51
1.51
1.511
1.511
1.511
1.512
1.512
1.513
1.514
1.514
1.514
1.515
1.515
1.515
1.516
1.517
1.517
1.517
1.517
1.517
1.517
1.517
1.518
1.518
1.518
1.52
1.52
1.52
1.52
1.52
1.521
1.521
1.522
1.523
1.525
1.526
1.526
1.526
1.527
1.527
1.527
1.527
1.528
1.528
1.529
1.529
1.53
1.531
1.531
1.531
1.531
1.531
1.532
1.532
1.532
1.533
1.534
1.534
1.534
1.535
1.537
1.538
1.539
1.54
1.54
1.541
1.541
1.541
1.541
1.542
1.542
1.543
1.543
1.545
1.545
1.545
1.546
1.546
1.546
1.546
1.548
1.548
1.548
1.55
1.551
1.551
1.551
1.551
1.551
1.551
1.552
1.552
1.553
1.553
1.554
1.554
1.554
1.554
1.556
1.557
1.557
1.557
1.557
1.557
1.557
1.557
1.558
1.558
1.558
1.558
1.558
1.559
1.559
1.559
1.559
1.56
1.56
1.56
1.561
1.561
1.562
1.562
1.562
1.562
1.563
1.563
1.563
1.564
1.564
1.564
1.565
1.565
1.565
1.565
1.565
1.565
1.566
1.566
1.567
1.567
1.567
1.568
1.568
1.568
1.569
1.569
1.569
1.569
1.571
1.571
1.571
1.571
1.572
1.572
1.572
1.572
1.573
1.573
1.573
1.574
1.574
1.575
1.575
1.576
1.577
1.577
1.577
1.578
1.578
1.578
1.578
1.578
1.578
1.578
1.579
1.579
1.579
1.58
1.581
1.581
1.581
1.581
1.581
1.582
1.582
1.582
1.583
1.583
1.583
1.584
1.584
1.584
1.584
1.584
1.584
1.584
1.585
1.586
1.586
1.587
1.587
1.587
1.588
1.588
1.589
1.59
1.591
1.591
1.592
1.592
1.592
1.592
1.592
1.593
1.593
1.594
1.594
1.595
1.595
1.595
1.595
1.596
1.596
1.596
1.597
1.597
1.597
1.598
1.598
1.598
1.598
1.599
1.6
1.6
1.6
1.6
1.6
1.6
1.6
1.601
1.601
1.601
1.601
1.601
1.603
1.604
1.604
1.605
1.606
1.607
1.607
1.607
1.607
1.607
1.607
1.607
1.608
1.608
1.608
1.608
1.608
1.608
1.609
1.61
1.61
1.61
1.611
1.611
1.611
1.611
1.612
1.612
1.612
1.613
1.613
1.613
1.614
1.614
1.614
1.614
1.615
1.616
1.616
1.616
1.617
1.617
1.618
1.618
1.618
1.618
1.619
1.619
1.619
1.619
1.62
1.62
1.621
1.621
1.621
1.621
1.621
1.622
1.622
1.622
1.622
1.623
1.623
1.623
1.623
1.623
1.624
1.624
1.625
1.625
1.626
1.626
1.626
1.626
1.626
1.627
1.627
1.627
1.628
1.628
1.628
1.628
1.628
1.629
1.629
1.629
1.629
1.63
1.63
1.63
1.631
1.631
1.631
1.632
1.632
1.632
1.633
1.633
1.633
1.633
1.634
1.634
1.635
1.635
1.635
1.635
1.635
1.636
1.636
1.636
1.636
1.637
1.638
1.638
1.638
1.638
1.638
1.638
1.639
1.639
1.64
1.64
1.641
1.641
1.642
1.642
1.642
1.642
1.642
1.643
1.644
1.644
1.645
1.645
1.645
1.646
1.646
1.647
1.647
1.647
1.647
1.647
1.648
1.648
1.648
1.649
1.649
1.649
1.65
1.65
1.651
1.651
1.651
1.652
1.652
1.653
1.653
1.654
1.654
1.654
1.654
1.654
1.654
1.654
1.655
1.655
1.655
1.656
1.656
1.656
1.656
1.656
1.656
1.656
1.657
1.657
1.658
1.658
1.659
1.659
1.659
1.66
1.66
1.66
1.66
1.661
1.661
1.661
1.661
1.662
1.662
1.662
1.662
1.662
1.662
1.663
1.663
1.663
1.663
1.664
1.664
1.664
1.664
1.665
1.665
1.665
1.666
1.666
1.666
1.666
1.667
1.667
1.667
1.667
1.667
1.668
1.668
1.668
1.668
1.668
1.668
1.668
1.669
1.67
1.67
1.67
1.67
1.67
1.671
1.671
1.671
1.671
1.671
1.672
1.673
1.673
1.673
1.674
1.674
1.674
1.675
1.676
1.676
1.676
1.677
1.677
1.677
1.678
1.678
1.679
1.679
1.679
1.68
1.681
1.681
1.682
1.682
1.682
1.682
1.682
1.683
1.683
1.684
1.684
1.684
1.684
1.685
1.685
1.685
1.685
1.686
1.686
1.686
1.687
1.688
1.688
1.688
1.689
1.689
1.69
1.69
1.69
1.69
1.691
1.691
1.691
1.691
1.692
1.692
1.692
1.692
1.692
1.693
1.693
1.693
1.693
1.694
1.694
1.695
1.695
1.695
1.695
1.696
1.696
1.697
1.697
1.697
1.698
1.698
1.699
1.699
1.699
1.699
1.699
1.699
1.699
1.699
1.699
1.7
1.7
1.7
1.7
1.7
1.7
1.701
1.701
1.702
1.702
1.703
1.703
1.703
1.703
1.703
1.703
1.704
1.704
1.704
1.704
1.704
1.704
1.704
1.704
1.705
1.706
1.706
1.706
1.707
1.707
1.707
1.707
1.707
1.708
1.708
1.708
1.708
1.708
1.708
1.709
1.709
1.71
1.71
1.711
1.711
1.711
1.712
1.712
1.712
1.712
1.712
1.712
1.712
1.712
1.712
1.713
1.713
1.714
1.715
1.715
1.715
1.715
1.716
1.716
1.717
1.717
1.717
1.717
1.717
1.717
1.718
1.719
1.719
1.72
1.721
1.721
1.721
1.721
1.724
1.724
1.725
1.725
1.725
1.726
1.726
1.726
1.726
1.726
1.727
1.727
1.727
1.727
1.727
1.727
1.727
1.728
1.729
1.729
1.729
1.729
1.73
1.73
1.73
1.73
1.73
1.73
1.73
1.73
1.731
1.731
1.732
1.732
1.732
1.732
1.733
1.733
1.733
1.733
1.734
1.734
1.734
1.734
1.734
1.735
1.735
1.735
1.735
1.735
1.736
1.736
1.736
1.736
1.737
1.737
1.737
1.737
1.737
1.737
1.738
1.738
1.739
1.74
1.74
1.74
1.74
1.74
1.741
1.741
1.741
1.742
1.742
1.742
1.742
1.743
1.743
1.743
1.743
1.743
1.744
1.744
1.744
1.745
1.745
1.745
1.745
1.746
1.746
1.746
1.746
1.746
1.746
1.747
1.747
1.747
1.747
1.747
1.747
1.748
1.748
1.748
1.748
1.748
1.748
1.748
1.748
1.748
1.749
1.75
1.75
1.75
1.751
1.751
1.751
1.751
1.751
1.752
1.752
1.752
1.753
1.753
1.753
1.754
1.754
1.754
1.754
1.754
1.754
1.755
1.755
1.755
1.756
1.756
1.756
1.756
1.757
1.757
1.757
1.757
1.758
1.758
1.758
1.758
1.758
1.758
1.758
1.759
1.76
1.76
1.761
1.761
1.761
1.761
1.761
1.761
1.762
1.762
1.762
1.762
1.762
1.762
1.762
1.762
1.762
1.763
1.764
1.764
1.765
1.765
1.765
1.765
1.766
1.766
1.767
1.767
1.767
1.767
1.767
1.767
1.768
1.768
1.768
1.768
1.768
1.768
1.769
1.769
1.769
1.769
1.769
1.769
1.769
1.77
1.77
1.77
1.77
1.771
1.771
1.771
1.771
1.771
1.772
1.772
1.772
1.772
1.772
1.773
1.774
1.774
1.774
1.774
1.774
1.775
1.775
1.775
1.776
1.776
1.777
1.777
1.777
1.777
1.778
1.778
1.778
1.779
1.78
1.78
1.78
1.78
1.78
1.78
1.781
1.782
1.782
1.782
1.782
1.782
1.782
1.782
1.782
1.783
1.783
1.783
1.783
1.783
1.784
1.784
1.784
1.784
1.784
1.784
1.784
1.785
1.785
1.785
1.785
1.785
1.786
1.786
1.786
1.787
1.787
1.787
1.787
1.787
1.788
1.788
1.788
1.789
1.789
1.79
1.79
1.79
1.791
1.791
1.791
1.791
1.791
1.791
1.792
1.792
1.792
1.792
1.792
1.792
1.792
1.793
1.793
1.793
1.794
1.795
1.795
1.795
1.795
1.796
1.798
1.798
1.798
1.798
1.798
1.799
1.799
1.8
1.8
1.8
1.801
1.801
1.801
1.801
1.801
1.801
1.802
1.802
1.803
1.803
1.803
1.803
1.803
1.804
1.804
1.804
1.804
1.804
1.804
1.805
1.805
1.805
1.805
1.805
1.805
1.805
1.806
1.806
1.806
1.806
1.806
1.806
1.806
1.807
1.807
1.807
1.807
1.807
1.807
1.808
1.808
1.809
1.809
1.809
1.809
1.81
1.81
1.81
1.81
1.811
1.811
1.811
1.811
1.811
1.811
1.811
1.811
1.812
1.812
1.812
1.813
1.814
1.814
1.815
1.815
1.815
1.816
1.816
1.816
1.816
1.816
1.816
1.816
1.816
1.817
1.817
1.817
1.817
1.817
1.818
1.818
1.818
1.818
1.818
1.818
1.819
1.819
1.819
1.819
1.82
1.82
1.82
1.82
1.82
1.82
1.82
1.82
1.821
1.821
1.821
1.821
1.821
1.822
1.822
1.822
1.822
1.822
1.822
1.823
1.824
1.824
1.824
1.825
1.825
1.826
1.826
1.826
1.827
1.827
1.827
1.827
1.827
1.828
1.828
1.828
1.829
1.829
1.829
1.829
1.829
1.83
1.83
1.831
1.831
1.831
1.831
1.831
1.832
1.832
1.832
1.832
1.832
1.832
1.832
1.832
1.832
1.833
1.833
1.834
1.834
1.835
1.835
1.835
1.835
1.835
1.835
1.836
1.836
1.836
1.836
1.836
1.836
1.836
1.836
1.837
1.837
1.837
1.837
1.837
1.837
1.837
1.838
1.838
1.838
1.838
1.838
1.838
1.838
1.838
1.839
1.839
1.839
1.839
1.839
1.839
1.839
1.839
1.839
1.84
1.84
1.841
1.841
1.841
1.842
1.842
1.842
1.842
1.842
1.843
1.843
1.843
1.843
1.844
1.844
1.844
1.844
1.844
1.844
1.845
1.845
1.845
1.845
1.846
1.846
1.846
1.846
1.847
1.847
1.847
1.847
1.847
1.847
1.847
1.847
1.848
1.848
1.848
1.848
1.849
1.849
1.849
1.849
1.85
1.85
1.85
1.85
1.851
1.851
1.852
1.852
1.852
1.852
1.853
1.853
1.853
1.853
1.853
1.853
1.854
1.854
1.854
1.854
1.854
1.854
1.854
1.854
1.855
1.855
1.855
1.855
1.856
1.856
1.856
1.856
1.857
1.857
1.857
1.857
1.858
1.858
1.858
1.858
1.858
1.859
1.859
1.86
1.86
1.86
1.86
1.861
1.861
1.861
1.861
1.861
1.862
1.862
1.862
1.862
1.862
1.862
1.863
1.863
1.863
1.863
1.864
1.864
1.864
1.864
1.865
1.865
1.865
1.865
1.866
1.867
1.867
1.867
1.867
1.867
1.868
1.868
1.868
1.868
1.868
1.868
1.868
1.868
1.868
1.869
1.869
1.869
1.869
1.87
1.87
1.87
1.87
1.87
1.87
1.871
1.871
1.871
1.871
1.871
1.872
1.872
1.872
1.873
1.873
1.873
1.874
1.874
1.874
1.874
1.874
1.875
1.875
1.875
1.875
1.876
1.876
1.876
1.876
1.877
1.877
1.877
1.878
1.878
1.878
1.878
1.878
1.878
1.879
1.879
1.879
1.88
1.88
1.88
1.88
1.88
1.88
1.881
1.881
1.881
1.881
1.881
1.881
1.882
1.882
1.882
1.882
1.882
1.882
1.883
1.883
1.883
1.883
1.883
1.883
1.884
1.884
1.884
1.884
1.884
1.884
1.884
1.885
1.886
1.886
1.886
1.886
1.886
1.886
1.887
1.887
1.887
1.887
1.888
1.888
1.888
1.889
1.889
1.889
1.889
1.89
1.89
1.891
1.891
1.891
1.891
1.892
1.892
1.892
1.892
1.893
1.893
1.893
1.894
1.894
1.894
1.894
1.894
1.895
1.895
1.895
1.895
1.895
1.896
1.896
1.896
1.896
1.897
1.897
1.897
1.897
1.898
1.898
1.898
1.898
1.898
1.899
1.899
1.899
1.899
1.899
1.9
1.9
1.9
1.9
1.9
1.9
1.9
1.9
1.901
1.901
1.901
1.901
1.901
1.902
1.902
1.902
1.902
1.902
1.902
1.902
1.902
1.903
1.903
1.903
1.904
1.904
1.904
1.904
1.904
1.904
1.904
1.905
1.905
1.905
1.905
1.905
1.905
1.905
1.905
1.905
1.906
1.906
1.906
1.906
1.906
1.907
1.907
1.907
1.908
1.908
1.908
1.908
1.908
1.908
1.908
1.909
1.909
1.909
1.909
1.909
1.91
1.91
1.91
1.91
1.911
1.911
1.911
1.911
1.911
1.912
1.912
1.912
1.912
1.913
1.913
1.913
1.913
1.913
1.913
1.913
1.914
1.914
1.914
1.914
1.914
1.914
1.914
1.914
1.915
1.915
1.915
1.915
1.915
1.915
1.915
1.916
1.916
1.916
1.916
1.916
1.916
1.917
1.917
1.917
1.918
1.918
1.918
1.919
1.919
1.919
1.92
1.92
1.92
1.92
1.921
1.921
1.921
1.921
1.922
1.922
1.922
1.922
1.922
1.922
1.922
1.922
1.922
1.922
1.923
1.923
1.923
1.923
1.923
1.923
1.924
1.924
1.924
1.924
1.924
1.925
1.925
1.925
1.925
1.925
1.925
1.926
1.926
1.926
1.926
1.926
1.927
1.927
1.927
1.927
1.928
1.928
1.928
1.928
1.928
1.928
1.929
1.929
1.929
1.929
1.929
1.93
1.931
1.931
1.931
1.931
1.931
1.932
1.932
1.933
1.934
1.934
1.934
1.934
1.934
1.935
1.935
1.935
1.935
1.935
1.935
1.935
1.935
1.936
1.936
1.936
1.936
1.936
1.936
1.936
1.937
1.937
1.937
1.937
1.937
1.937
1.937
1.937
1.937
1.938
1.938
1.938
1.938
1.938
1.938
1.939
1.939
1.939
1.94
1.94
1.941
1.941
1.941
1.941
1.941
1.942
1.942
1.942
1.942
1.942
1.942
1.943
1.943
1.943
1.943
1.943
1.943
1.943
1.944
1.944
1.945
1.945
1.945
1.946
1.946
1.947
1.948
1.948
1.949
1.949
1.949
1.949
1.95
1.95
1.95
1.95
1.95
1.95
1.95
1.951
1.951
1.951
1.951
1.952
1.952
1.952
1.952
1.952
1.953
1.953
1.953
1.954
1.954
1.954
1.954
1.955
1.955
1.955
1.955
1.955
1.955
1.955
1.955
1.956
1.956
1.956
1.956
1.956
1.957
1.957
1.957
1.958
1.958
1.958
1.958
1.959
1.959
1.959
1.959
1.959
1.96
1.96
1.96
1.96
1.961
1.961
1.961
1.961
1.961
1.961
1.961
1.962
1.962
1.962
1.962
1.962
1.962
1.962
1.962
1.963
1.963
1.964
1.964
1.964
1.964
1.965
1.965
1.966
1.966
1.966
1.966
1.966
1.967
1.967
1.967
1.967
1.967
1.967
1.967
1.967
1.968
1.968
1.968
1.968
1.968
1.968
1.968
1.968
1.968
1.969
1.969
1.97
1.97
1.971
1.971
1.971
1.971
1.971
1.972
1.972
1.972
1.972
1.972
1.972
1.973
1.973
1.973
1.973
1.973
1.973
1.973
1.973
1.973
1.974
1.974
1.974
1.974
1.974
1.974
1.975
1.975
1.975
1.975
1.975
1.975
1.975
1.977
1.977
1.977
1.977
1.977
1.977
1.977
1.977
1.978
1.978
1.978
1.978
1.978
1.978
1.979
1.979
1.979
1.979
1.979
1.979
1.98
1.98
1.98
1.98
1.98
1.981
1.981
1.981
1.981
1.981
1.981
1.982
1.982
1.982
1.982
1.983
1.983
1.983
1.983
1.983
1.983
1.984
1.984
1.984
1.984
1.984
1.984
1.984
1.984
1.985
1.985
1.985
1.985
1.985
1.985
1.985
1.985
1.985
1.986
1.986
1.986
1.986
1.986
1.986
1.987
1.987
1.987
1.988
1.988
1.988
1.988
1.988
1.988
1.988
1.988
1.989
1.989
1.989
1.989
1.989
1.99
1.99
1.99
1.992
1.992
1.993
1.993
1.993
1.993
1.993
1.993
1.993
1.993
1.993
1.993
1.994
1.994
1.994
1.995
1.995
1.995
1.995
1.995
1.995
1.995
1.996
1.996
1.996
1.997
1.997
1.997
1.997
1.997
1.997
1.997
1.997
1.997
1.997
1.998
1.998
1.998
1.998
1.998
1.998
1.998
1.998
1.999
1.999
1.999
1.999
1.999
1.999
1.999
1.999
2
2
2.001
2.001
2.001
2.001
2.001
2.002
2.002
2.002
2.002
2.002
2.002
2.003
2.003
2.003
2.004
2.004
2.004
2.004
2.005
2.005
2.005
2.005
2.005
2.005
2.006
2.006
2.006
2.006
2.006
2.007
2.007
2.007
2.007
2.007
2.008
2.008
2.008
2.008
2.008
2.009
2.009
2.009
2.009
2.009
2.01
2.01
2.01
2.01
2.01
2.01
2.011
2.011
2.011
2.012
2.012
2.012
2.012
2.013
2.013
2.013
2.013
2.013
2.013
2.013
2.013
2.014
2.014
2.014
2.014
2.015
2.015
2.015
2.015
2.015
2.015
2.016
2.016
2.016
2.016
2.016
2.016
2.016
2.016
2.017
2.017
2.017
2.017
2.017
2.017
2.018
2.019
2.019
2.019
2.019
2.019
2.02
2.02
2.02
2.02
2.021
2.021
2.021
2.022
2.022
2.022
2.022
2.022
2.023
2.023
2.023
2.024
2.024
2.024
2.025
2.025
2.025
2.025
2.025
2.026
2.026
2.026
2.026
2.026
2.026
2.026
2.027
2.027
2.027
2.028
2.028
2.028
2.029
2.029
2.029
2.029
2.029
2.029
2.03
2.03
2.03
2.03
2.03
2.03
2.03
2.031
2.031
2.031
2.031
2.031
2.031
2.032
2.032
2.032
2.032
2.033
2.033
2.033
2.033
2.034
2.034
2.034
2.034
2.034
2.034
2.034
2.034
2.035
2.035
2.035
2.035
2.035
2.035
2.035
2.035
2.035
2.036
2.036
2.036
2.036
2.036
2.036
2.036
2.037
2.037
2.037
2.037
2.037
2.037
2.037
2.038
2.038
2.038
2.038
2.038
2.038
2.038
2.038
2.039
2.039
2.039
2.04
2.04
2.04
2.04
2.04
2.04
2.041
2.041
2.041
2.041
2.042
2.042
2.042
2.042
2.042
2.042
2.042
2.042
2.042
2.042
2.043
2.043
2.043
2.043
2.043
2.043
2.044
2.044
2.044
2.044
2.044
2.045
2.045
2.045
2.045
2.046
2.047
2.047
2.047
2.047
2.047
2.047
2.047
2.047
2.048
2.048
2.048
2.048
2.048
2.049
2.049
2.049
2.05
2.05
2.05
2.05
2.05
2.05
2.05
2.051
2.052
2.053
2.053
2.053
2.053
2.053
2.053
2.054
2.054
2.054
2.054
2.055
2.055
2.055
2.055
2.055
2.055
2.055
2.055
2.056
2.056
2.056
2.056
2.056
2.056
2.056
2.057
2.057
2.057
2.057
2.058
2.058
2.058
2.058
2.058
2.058
2.058
2.059
2.059
2.059
2.059
2.059
2.059
2.059
2.06
2.06
2.06
2.06
2.06
2.06
2.06
2.06
2.06
2.06
2.061
2.061
2.061
2.062
2.062
2.062
2.062
2.062
2.062
2.062
2.063
2.063
2.064
2.064
2.064
2.064
2.064
2.064
2.065
2.065
2.065
2.065
2.065
2.065
2.065
2.065
2.065
2.065
2.066
2.066
2.066
2.066
2.066
2.066
2.066
2.066
2.066
2.067
2.067
2.067
2.067
2.067
2.067
2.067
2.067
2.067
2.068
2.068
2.068
2.068
2.068
2.069
2.069
2.069
2.069
2.069
2.069
2.069
2.069
2.069
2.07
2.07
2.07
2.07
2.07
2.071
2.071
2.071
2.071
2.072
2.072
2.072
2.072
2.072
2.072
2.072
2.072
2.072
2.073
2.073
2.073
2.073
2.073
2.073
2.074
2.074
2.074
2.074
2.074
2.074
2.074
2.074
2.074
2.075
2.075
2.076
2.076
2.076
2.076
2.076
2.076
2.076
2.076
2.077
2.077
2.077
2.077
2.077
2.077
2.077
2.077
2.077
2.078
2.078
2.078
2.079
2.079
2.079
2.079
2.08
2.08
2.08
2.08
2.08
2.08
2.08
2.08
2.08
2.08
2.081
2.081
2.081
2.081
2.081
2.081
2.081
2.081
2.081
2.081
2.081
2.082
2.082
2.082
2.082
2.082
2.083
2.083
2.083
2.083
2.083
2.084
2.084
2.084
2.084
2.084
2.085
2.085
2.085
2.085
2.085
2.085
2.086
2.086
2.086
2.086
2.086
2.087
2.087
2.087
2.087
2.087
2.087
2.087
2.087
2.088
2.088
2.088
2.088
2.089
2.089
2.089
2.089
2.089
2.09
2.09
2.09
2.09
2.09
2.09
2.09
2.09
2.09
2.091
2.091
2.091
2.091
2.091
2.092
2.092
2.092
2.092
2.092
2.092
2.092
2.093
2.093
2.093
2.093
2.094
2.094
2.094
2.094
2.094
2.094
2.095
2.095
2.095
2.095
2.095
2.095
2.095
2.095
2.096
2.096
2.096
2.096
2.096
2.096
2.096
2.096
2.097
2.097
2.097
2.097
2.097
2.097
2.097
2.097
2.097
2.097
2.098
2.098
2.098
2.098
2.098
2.098
2.098
2.098
2.099
2.099
2.099
2.099
2.099
2.099
2.1
2.1
2.1
2.1
2.1
2.1
2.1
2.1
2.102
2.102
2.102
2.102
2.102
2.102
2.102
2.102
2.103
2.103
2.103
2.103
2.103
2.103
2.103
2.103
2.103
2.104
2.104
2.104
2.104
2.104
2.104
2.104
2.104
2.104
2.104
2.104
2.105
2.105
2.105
2.106
2.106
2.106
2.106
2.106
2.106
2.107
2.107
2.107
2.107
2.107
2.107
2.107
2.107
2.107
2.107
2.108
2.108
2.108
2.108
2.108
2.109
2.109
2.109
2.109
2.109
2.109
2.109
2.109
2.11
2.11
2.11
2.11
2.11
2.11
2.11
2.11
2.11
2.11
2.111
2.111
2.111
2.111
2.111
2.111
2.111
2.111
2.112
2.112
2.112
2.112
2.112
2.113
2.113
2.113
2.113
2.113
2.114
2.114
2.114
2.114
2.114
2.114
2.114
2.114
2.114
2.114
2.114
2.115
2.115
2.115
2.115
2.115
2.115
2.115
2.115
2.116
2.116
2.116
2.116
2.116
2.116
2.116
2.116
2.116
2.117
2.117
2.117
2.117
2.118
2.118
2.118
2.119
2.119
2.119
2.119
2.119
2.119
2.12
2.12
2.12
2.12
2.12
2.12
2.12
2.121
2.121
2.121
2.122
2.122
2.122
2.122
2.122
2.122
2.122
2.122
2.123
2.123
2.123
2.123
2.123
2.123
2.123
2.124
2.124
2.125
2.125
2.126
2.126
2.127
2.127
2.127
2.127
2.127
2.127
2.127
2.127
2.128
2.128
2.128
2.128
2.128
2.128
2.129
2.129
2.129
2.129
2.13
2.13
2.13
2.13
2.13
2.13
2.131
2.131
2.131
2.131
2.131
2.131
2.132
2.132
2.132
2.132
2.132
2.132
2.132
2.132
2.133
2.133
2.133
2.133
2.133
2.133
2.133
2.134
2.134
2.134
2.135
2.135
2.135
2.135
2.135
2.136
2.136
2.136
2.136
2.136
2.136
2.136
2.137
2.137
2.137
2.137
2.138
2.138
2.138
2.138
2.138
2.138
2.139
2.139
2.139
2.139
2.139
2.139
2.139
2.14
2.14
2.14
2.14
2.141
2.141
2.141
2.141
2.141
2.142
2.142
2.142
2.142
2.142
2.142
2.142
2.142
2.143
2.143
2.143
2.143
2.143
2.143
2.143
2.143
2.143
2.143
2.143
2.143
2.144
2.144
2.144
2.144
2.144
2.144
2.144
2.145
2.145
2.145
2.145
2.145
2.145
2.145
2.145
2.145
2.145
2.145
2.146
2.146
2.146
2.146
2.146
2.146
2.146
2.146
2.147
2.147
2.147
2.147
2.147
2.147
2.147
2.147
2.147
2.147
2.147
2.148
2.148
2.148
2.148
2.148
2.148
2.148
2.148
2.149
2.149
2.149
2.149
2.149
2.149
2.149
2.15
2.15
2.15
2.15
2.151
2.151
2.151
2.151
2.152
2.152
2.152
2.152
2.152
2.152
2.152
2.152
2.152
2.153
2.153
2.153
2.153
2.153
2.153
2.153
2.153
2.154
2.154
2.154
2.154
2.154
2.154
2.154
2.154
2.154
2.155
2.155
2.155
2.155
2.155
2.156
2.156
2.156
2.156
2.156
2.156
2.156
2.157
2.157
2.157
2.157
2.157
2.157
2.158
2.158
2.158
2.158
2.158
2.158
2.158
2.159
2.159
2.159
2.159
2.159
2.159
2.16
2.16
2.16
2.16
2.16
2.161
2.161
2.161
2.161
2.161
2.161
2.162
2.162
2.162
2.162
2.162
2.162
2.162
2.162
2.163
2.163
2.163
2.163
2.163
2.163
2.163
2.163
2.163
2.164
2.164
2.164
2.164
2.165
2.165
2.165
2.165
2.165
2.165
2.165
2.166
2.166
2.166
2.166
2.166
2.166
2.166
2.166
2.167
2.167
2.167
2.167
2.167
2.167
2.167
2.168
2.168
2.168
2.168
2.169
2.169
2.169
2.17
2.171
2.171
2.171
2.171
2.171
2.171
2.171
2.171
2.171
2.171
2.172
2.172
2.172
2.172
2.173
2.173
2.173
2.173
2.173
2.173
2.173
2.173
2.173
2.173
2.174
2.174
2.174
2.174
2.174
2.174
2.174
2.174
2.175
2.175
2.175
2.175
2.175
2.175
2.175
2.175
2.176
2.176
2.176
2.176
2.176
2.176
2.176
2.176
2.176
2.177
2.177
2.177
2.177
2.177
2.177
2.177
2.177
2.177
2.178
2.178
2.178
2.178
2.178
2.179
2.179
2.179
2.179
2.179
2.18
2.18
2.18
2.18
2.18
2.18
2.18
2.18
2.181
2.181
2.181
2.181
2.181
2.181
2.181
2.181
2.182
2.182
2.182
2.182
2.182
2.182
2.182
2.182
2.182
2.182
2.182
2.183
2.183
2.183
2.183
2.183
2.183
2.183
2.184
2.184
2.184
2.184
2.184
2.184
2.185
2.185
2.185
2.185
2.185
2.185
2.185
2.185
2.185
2.185
2.185
2.185
2.186
2.186
2.186
2.186
2.186
2.186
2.186
2.186
2.187
2.187
2.187
2.187
2.187
2.187
2.188
2.188
2.188
2.188
2.189
2.189
2.189
2.189
2.189
2.189
2.189
2.189
2.19
2.19
2.19
2.19
2.19
2.19
2.19
2.19
2.191
2.191
2.191
2.191
2.192
2.192
2.192
2.193
2.193
2.193
2.193
2.193
2.193
2.193
2.193
2.194
2.194
2.194
2.194
2.194
2.194
2.194
2.194
2.194
2.194
2.195
2.195
2.195
2.195
2.195
2.195
2.196
2.196
2.196
2.196
2.196
2.196
2.197
2.197
2.197
2.197
2.197
2.197
2.197
2.197
2.198
2.198
2.198
2.198
2.198
2.198
2.198
2.198
2.198
2.198
2.198
2.198
2.199
2.199
2.199
2.199
2.199
2.199
2.199
2.199
2.199
2.199
2.2
2.2
2.201
2.201
2.201
2.201
2.201
2.201
2.201
2.201
2.202
2.202
2.202
2.202
2.202
2.202
2.202
2.202
2.202
2.203
2.203
2.203
2.203
2.203
2.203
2.203
2.203
2.204
2.204
2.204
2.204
2.204
2.205
2.205
2.205
2.205
2.205
2.205
2.206
2.206
2.206
2.207
2.207
2.207
2.207
2.207
2.207
2.207
2.208
2.208
2.208
2.208
2.208
2.208
2.208
2.208
2.208
2.208
2.209
2.209
2.209
2.209
2.209
2.209
2.209
2.209
2.21
2.21
2.21
2.21
2.21
2.21
2.21
2.211
2.211
2.211
2.211
2.211
2.211
2.211
2.212
2.212
2.212
2.212
2.212
2.212
2.213
2.213
2.213
2.213
2.213
2.213
2.214
2.214
2.214
2.214
2.214
2.215
2.215
2.215
2.215
2.215
2.215
2.215
2.216
2.216
2.216
2.216
2.216
2.216
2.216
2.216
2.216
2.217
2.217
2.217
2.217
2.217
2.217
2.217
2.218
2.218
2.218
2.218
2.218
2.218
2.218
2.219
2.219
2.219
2.219
2.219
2.219
2.219
2.219
2.22
2.22
2.22
2.22
2.22
2.22
2.221
2.221
2.221
2.221
2.221
2.221
2.221
2.221
2.221
2.222
2.222
2.222
2.222
2.222
2.222
2.222
2.222
2.223
2.223
2.223
2.223
2.224
2.224
2.224
2.224
2.224
2.224
2.224
2.224
2.225
2.225
2.225
2.225
2.225
2.225
2.226
2.226
2.226
2.226
2.226
2.227
2.227
2.228
2.228
2.228
2.228
2.228
2.228
2.228
2.228
2.229
2.229
2.229
2.229
2.23
2.23
2.23
2.231
2.231
2.231
2.231
2.231
2.231
2.231
2.232
2.232
2.232
2.232
2.232
2.232
2.232
2.232
2.232
2.233
2.234
2.234
2.234
2.234
2.234
2.234
2.234
2.234
2.234
2.234
2.235
2.235
2.236
2.236
2.236
2.236
2.236
2.236
2.236
2.237
2.237
2.237
2.237
2.238
2.238
2.238
2.238
2.238
2.238
2.239
2.239
2.239
2.239
2.239
2.239
2.239
2.239
2.239
2.239
2.24
2.24
2.24
2.24
2.24
2.24
2.24
2.24
2.24
2.241
2.241
2.241
2.241
2.241
2.242
2.242
2.242
2.242
2.242
2.242
2.243
2.243
2.243
2.243
2.243
2.243
2.243
2.244
2.244
2.244
2.244
2.244
2.245
2.245
2.245
2.245
2.245
2.245
2.245
2.246
2.246
2.246
2.247
2.247
2.247
2.247
2.247
2.247
2.247
2.247
2.247
2.248
2.248
2.248
2.248
2.248
2.248
2.248
2.248
2.249
2.249
2.249
2.249
2.249
2.249
2.249
2.249
2.249
2.249
2.249
2.25
2.25
2.25
2.25
2.25
2.25
2.25
2.25
2.25
2.25
2.25
2.25
2.251
2.251
2.251
2.251
2.251
2.252
2.252
2.252
2.252
2.252
2.253
2.253
2.253
2.253
2.253
2.253
2.254
2.254
2.254
2.254
2.254
2.254
2.254
2.255
2.255
2.255
2.255
2.255
2.255
2.255
2.255
2.255
2.255
2.255
2.255
2.255
2.256
2.256
2.256
2.256
2.256
2.256
2.257
2.257
2.257
2.257
2.257
2.257
2.258
2.258
2.258
2.258
2.258
2.258
2.258
2.258
2.259
2.259
2.259
2.259
2.259
2.259
2.26
2.26
2.26
2.26
2.26
2.26
2.26
2.26
2.26
2.261
2.261
2.261
2.261
2.261
2.262
2.262
2.262
2.262
2.262
2.262
2.262
2.262
2.262
2.262
2.262
2.262
2.263
2.263
2.263
2.263
2.263
2.263
2.263
2.263
2.263
2.264
2.264
2.264
2.264
2.264
2.264
2.264
2.264
2.265
2.265
2.265
2.265
2.265
2.265
2.265
2.265
2.266
2.266
2.266
2.266
2.266
2.266
2.266
2.266
2.266
2.266
2.266
2.267
2.267
2.267
2.267
2.267
2.267
2.267
2.267
2.267
2.268
2.268
2.268
2.268
2.268
2.268
2.268
2.268
2.268
2.268
2.269
2.269
2.269
2.269
2.269
2.269
2.269
2.269
2.27
2.27
2.27
2.27
2.271
2.271
2.271
2.271
2.271
2.271
2.271
2.272
2.272
2.272
2.272
2.272
2.272
2.272
2.273
2.273
2.273
2.273
2.273
2.273
2.273
2.273
2.274
2.274
2.274
2.274
2.275
2.275
2.275
2.275
2.275
2.275
2.275
2.275
2.275
2.275
2.275
2.275
2.275
2.276
2.276
2.276
2.276
2.276
2.276
2.276
2.276
2.277
2.277
2.277
2.277
2.277
2.277
2.277
2.277
2.278
2.278
2.278
2.278
2.278
2.278
2.278
2.278
2.279
2.279
2.279
2.279
2.279
2.279
2.279
2.279
2.279
2.279
2.279
2.28
2.28
2.28
2.28
2.28
2.28
2.28
2.28
2.28
2.28
2.28
2.28
2.28
2.281
2.281
2.281
2.281
2.281
2.281
2.282
2.282
2.282
2.282
2.282
2.282
2.282
2.283
2.283
2.283
2.283
2.283
2.284
2.284
2.284
2.284
2.284
2.284
2.284
2.284
2.284
2.284
2.285
2.285
2.285
2.285
2.285
2.285
2.285
2.285
2.286
2.286
2.286
2.286
2.286
2.286
2.286
2.286
2.286
2.286
2.286
2.286
2.286
2.286
2.287
2.287
2.287
2.287
2.287
2.287
2.287
2.287
2.287
2.287
2.287
2.288
2.288
2.288
2.288
2.288
2.288
2.288
2.289
2.289
2.29
2.29
2.29
2.29
2.291
2.291
2.291
2.291
2.291
2.291
2.291
2.291
2.291
2.292
2.292
2.292
2.292
2.292
2.292
2.292
2.293
2.293
2.293
2.293
2.293
2.293
2.294
2.294
2.294
2.294
2.294
2.294
2.294
2.295
2.295
2.295
2.295
2.295
2.295
2.295
2.295
2.295
2.295
2.296
2.296
2.296
2.296
2.296
2.296
2.296
2.297
2.297
2.297
2.297
2.297
2.297
2.297
2.297
2.297
2.298
2.298
2.298
2.299
2.299
2.299
2.299
2.3
2.3
2.3
2.3
2.3
2.301
2.301
2.301
2.301
2.301
2.301
2.301
2.301
2.301
2.301
2.302
2.302
2.302
2.302
2.302
2.302
2.302
2.302
2.303
2.303
2.303
2.303
2.303
2.303
2.303
2.304
2.304
2.304
2.304
2.304
2.304
2.304
2.304
2.304
2.304
2.304
2.305
2.305
2.305
2.305
2.305
2.305
2.305
2.305
2.306
2.306
2.306
2.307
2.307
2.307
2.307
2.307
2.307
2.307
2.308
2.308
2.308
2.308
2.309
2.309
2.309
2.309
2.309
2.309
2.309
2.309
2.31
2.31
2.31
2.31
2.31
2.31
2.31
2.31
2.311
2.311
2.311
2.311
2.311
2.311
2.311
2.311
2.311
2.311
2.312
2.312
2.312
2.312
2.312
2.312
2.312
2.312
2.313
2.313
2.313
2.313
2.313
2.313
2.313
2.313
2.313
2.313
2.313
2.313
2.314
2.314
2.314
2.314
2.314
2.314
2.314
2.314
2.314
2.314
2.314
2.314
2.314
2.314
2.314
2.315
2.315
2.315
2.315
2.316
2.316
2.316
2.316
2.316
2.316
2.316
2.317
2.317
2.317
2.317
2.317
2.317
2.317
2.317
2.318
2.318
2.318
2.318
2.318
2.318
2.319
2.319
2.319
2.319
2.319
2.319
2.32
2.32
2.32
2.32
2.32
2.32
2.32
2.32
2.32
2.32
2.32
2.32
2.32
2.321
2.321
2.321
2.321
2.321
2.321
2.321
2.321
2.321
2.322
2.322
2.322
2.322
2.322
2.322
2.322
2.322
2.322
2.323
2.323
2.323
2.323
2.323
2.323
2.323
2.323
2.323
2.323
2.323
2.323
2.324
2.324
2.324
2.324
2.324
2.324
2.324
2.324
2.324
2.324
2.324
2.324
2.324
2.324
2.324
2.324
2.325
2.325
2.325
2.325
2.326
2.326
2.326
2.326
2.326
2.326
2.327
2.327
2.327
2.327
2.327
2.327
2.327
2.327
2.327
2.328
2.328
2.328
2.328
2.328
2.328
2.328
2.328
2.328
2.329
2.329
2.329
2.329
2.329
2.329
2.33
2.33
2.33
2.33
2.33
2.33
2.33
2.331
2.331
2.331
2.331
2.331
2.331
2.331
2.331
2.331
2.331
2.332
2.332
2.332
2.332
2.332
2.332
2.332
2.332
2.332
2.332
2.332
2.332
2.333
2.333
2.333
2.333
2.333
2.333
2.333
2.333
2.333
2.334
2.334
2.334
2.334
2.334
2.335
2.335
2.335
2.335
2.335
2.335
2.335
2.335
2.335
2.335
2.335
2.335
2.335
2.335
2.336
2.336
2.337
2.337
2.337
2.337
2.337
2.337
2.337
2.337
2.337
2.337
2.337
2.338
2.338
2.338
2.338
2.338
2.338
2.339
2.339
2.339
2.339
2.339
2.34
2.34
2.34
2.34
2.34
2.34
2.34
2.34
2.34
2.34
2.34
2.34
2.34
2.34
2.341
2.341
2.341
2.341
2.341
2.341
2.341
2.342
2.342
2.342
2.342
2.342
2.342
2.343
2.343
2.343
2.343
2.343
2.343
2.343
2.343
2.343
2.343
2.343
2.344
2.344
2.344
2.344
2.344
2.344
2.344
2.344
2.345
2.345
2.345
2.345
2.345
2.345
2.345
2.345
2.345
2.345
2.346
2.346
2.346
2.346
2.346
2.346
2.346
2.346
2.347
2.347
2.347
2.347
2.347
2.347
2.347
2.347
2.347
2.348
2.348
2.348
2.348
2.348
2.348
2.349
2.349
2.349
2.349
2.349
2.349
2.349
2.35
2.35
2.35
2.35
2.351
2.351
2.351
2.351
2.351
2.351
2.351
2.351
2.352
2.352
2.352
2.353
2.353
2.353
2.353
2.353
2.353
2.353
2.353
2.353
2.354
2.354
2.354
2.354
2.354
2.354
2.354
2.354
2.354
2.354
2.354
2.354
2.354
2.354
2.355
2.355
2.355
2.355
2.355
2.355
2.355
2.355
2.355
2.356
2.356
2.356
2.356
2.356
2.357
2.357
2.357
2.357
2.357
2.357
2.357
2.357
2.357
2.358
2.358
2.358
2.358
2.358
2.358
2.358
2.358
2.358
2.359
2.359
2.359
2.359
2.359
2.359
2.359
2.359
2.359
2.359
2.36
2.36
2.36
2.36
2.36
2.36
2.36
2.36
2.36
2.36
2.36
2.36
2.361
2.361
2.361
2.361
2.361
2.361
2.362
2.362
2.363
2.363
2.363
2.363
2.363
2.363
2.363
2.363
2.363
2.363
2.363
2.363
2.363
2.364
2.364
2.364
2.364
2.364
2.364
2.364
2.364
2.364
2.365
2.365
2.365
2.365
2.365
2.365
2.365
2.365
2.365
2.365
2.365
2.365
2.366
2.366
2.366
2.366
2.366
2.366
2.366
2.366
2.366
2.367
2.367
2.367
2.367
2.367
2.367
2.367
2.367
2.367
2.367
2.368
2.368
2.368
2.368
2.368
2.369
2.369
2.369
2.369
2.369
2.369
2.369
2.37
2.37
2.37
2.37
2.37
2.37
2.371
2.371
2.371
2.371
2.371
2.371
2.371
2.371
2.371
2.371
2.371
2.371
2.372
2.372
2.372
2.372
2.373
2.373
2.373
2.373
2.373
2.373
2.373
2.373
2.374
2.374
2.374
2.374
2.374
2.374
2.374
2.374
2.374
2.374
2.374
2.375
2.375
2.375
2.375
2.375
2.375
2.375
2.375
2.375
2.375
2.375
2.376
2.376
2.376
2.376
2.376
2.376
2.376
2.376
2.376
2.376
2.376
2.376
2.376
2.376
2.376
2.377
2.377
2.377
2.377
2.377
2.377
2.377
2.377
2.377
2.377
2.377
2.377
2.378
2.378
2.378
2.378
2.378
2.378
2.378
2.378
2.378
2.378
2.378
2.378
2.379
2.379
2.379
2.379
2.379
2.379
2.379
2.379
2.379
2.379
2.379
2.379
2.38
2.38
2.38
2.38
2.38
2.38
2.38
2.38
2.38
2.38
2.38
2.38
2.381
2.381
2.381
2.381
2.381
2.381
2.381
2.381
2.381
2.382
2.382
2.382
2.382
2.382
2.382
2.383
2.383
2.383
2.383
2.383
2.383
2.383
2.383
2.383
2.383
2.383
2.384
2.384
2.384
2.384
2.384
2.384
2.384
2.384
2.384
2.384
2.384
2.384
2.384
2.385
2.385
2.385
2.385
2.385
2.385
2.385
2.386
2.386
2.386
2.386
2.386
2.386
2.386
2.386
2.386
2.386
2.386
2.386
2.386
2.387
2.387
2.387
2.387
2.387
2.387
2.387
2.387
2.387
2.387
2.387
2.387
2.387
2.387
2.388
2.388
2.388
2.388
2.388
2.388
2.388
2.389
2.389
2.389
2.39
2.39
2.39
2.39
2.39
2.39
2.39
2.39
2.39
2.39
2.39
2.391
2.391
2.391
2.391
2.391
2.392
2.392
2.392
2.392
2.392
2.392
2.392
2.393
2.393
2.393
2.393
2.393
2.393
2.393
2.393
2.393
2.394
2.394
2.394
2.394
2.394
2.394
2.394
2.394
2.394
2.394
2.395
2.395
2.395
2.395
2.395
2.395
2.396
2.396
2.397
2.397
2.397
2.397
2.397
2.397
2.398
2.398
2.398
2.398
2.398
2.398
2.398
2.399
2.399
2.399
2.399
2.399
2.399
2.4
2.4
2.4
2.4
2.4
2.4
2.4
2.4
2.4
2.401
2.401
2.401
2.402
2.402
2.402
2.402
2.402
2.402
2.402
2.402
2.403
2.403
2.403
2.403
2.403
2.403
2.403
2.403
2.403
2.403
2.403
2.403
2.404
2.404
2.404
2.404
2.404
2.404
2.404
2.404
2.405
2.405
2.405
2.405
2.405
2.405
2.405
2.405
2.405
2.405
2.405
2.405
2.406
2.406
2.406
2.406
2.406
2.406
2.406
2.407
2.407
2.407
2.407
2.407
2.407
2.407
2.407
2.407
2.408
2.408
2.408
2.408
2.408
2.408
2.408
2.408
2.409
2.409
2.409
2.409
2.409
2.409
2.409
2.409
2.409
2.409
2.409
2.409
2.409
2.41
2.41
2.41
2.41
2.41
2.41
2.41
2.41
2.411
2.411
2.411
2.411
2.411
2.411
2.411
2.411
2.412
2.412
2.412
2.412
2.412
2.412
2.412
2.412
2.413
2.413
2.413
2.413
2.413
2.413
2.413
2.413
2.413
2.413
2.413
2.413
2.413
2.414
2.414
2.414
2.414
2.414
2.414
2.414
2.414
2.414
2.415
2.415
2.415
2.415
2.415
2.415
2.415
2.415
2.416
2.416
2.416
2.416
2.416
2.416
2.416
2.417
2.417
2.417
2.417
2.417
2.417
2.417
2.417
2.417
2.418
2.418
2.418
2.418
2.418
2.418
2.418
2.418
2.418
2.418
2.418
2.419
2.419
2.419
2.42
2.42
2.42
2.42
2.42
2.42
2.42
2.42
2.42
2.42
2.42
2.42
2.421
2.421
2.421
2.421
2.421
2.421
2.421
2.421
2.421
2.422
2.422
2.422
2.422
2.423
2.423
2.423
2.423
2.423
2.424
2.424
2.424
2.424
2.424
2.424
2.424
2.424
2.424
2.424
2.424
2.424
2.425
2.425
2.425
2.425
2.425
2.425
2.425
2.425
2.425
2.426
2.426
2.426
2.426
2.426
2.426
2.426
2.426
2.426
2.426
2.426
2.426
2.426
2.426
2.426
2.427
2.427
2.427
2.427
2.427
2.427
2.427
2.427
2.428
2.428
2.428
2.428
2.428
2.428
2.428
2.429
2.429
2.429
2.429
2.429
2.429
2.429
2.429
2.429
2.43
2.43
2.43
2.43
2.43
2.43
2.43
2.43
2.43
2.43
2.431
2.431
2.431
2.431
2.431
2.431
2.431
2.431
2.432
2.432
2.432
2.432
2.432
2.432
2.432
2.432
2.433
2.433
2.433
2.433
2.433
2.433
2.433
2.433
2.434
2.434
2.434
2.434
2.434
2.434
2.434
2.434
2.434
2.434
2.434
2.434
2.434
2.434
2.435
2.435
2.435
2.435
2.435
2.435
2.435
2.435
2.436
2.436
2.436
2.436
2.436
2.436
2.436
2.436
2.436
2.436
2.437
2.437
2.437
2.437
2.437
2.437
2.437
2.437
2.437
2.438
2.438
2.438
2.438
2.438
2.438
2.438
2.438
2.438
2.438
2.439
2.439
2.439
2.439
2.439
2.439
2.439
2.44
2.44
2.44
2.44
2.44
2.44
2.44
2.441
2.441
2.441
2.441
2.441
2.441
2.441
2.442
2.442
2.442
2.442
2.443
2.443
2.443
2.443
2.443
2.443
2.443
2.444
2.444
2.444
2.445
2.445
2.445
2.445
2.445
2.445
2.445
2.445
2.445
2.445
2.445
2.445
2.445
2.445
2.445
2.446
2.446
2.446
2.446
2.446
2.446
2.446
2.446
2.446
2.446
2.447
2.447
2.447
2.447
2.447
2.447
2.447
2.448
2.448
2.448
2.448
2.448
2.448
2.448
2.448
2.448
2.448
2.449
2.449
2.449
2.449
2.449
2.449
2.449
2.449
2.449
2.45
2.45
2.45
2.45
2.45
2.45
2.45
2.451
2.451
2.451
2.451
2.451
2.451
2.452
2.452
2.452
2.452
2.452
2.452
2.452
2.452
2.453
2.453
2.453
2.453
2.453
2.453
2.453
2.453
2.453
2.453
2.453
2.454
2.454
2.454
2.454
2.454
2.454
2.454
2.454
2.454
2.454
2.454
2.455
2.455
2.455
2.455
2.456
2.456
2.456
2.456
2.456
2.456
2.456
2.456
2.457
2.457
2.457
2.457
2.457
2.457
2.457
2.457
2.457
2.457
2.457
2.457
2.457
2.458
2.458
2.458
2.458
2.458
2.458
2.458
2.458
2.459
2.459
2.459
2.459
2.459
2.459
2.459
2.459
2.459
2.46
2.46
2.461
2.461
2.461
2.461
2.461
2.461
2.461
2.461
2.461
2.461
2.461
2.462
2.462
2.462
2.462
2.462
2.462
2.462
2.463
2.463
2.463
2.463
2.463
2.463
2.463
2.463
2.463
2.464
2.464
2.464
2.464
2.464
2.464
2.464
2.464
2.465
2.465
2.465
2.465
2.465
2.466
2.466
2.466
2.466
2.466
2.466
2.466
2.466
2.467
2.467
2.467
2.468
2.468
2.468
2.468
2.468
2.468
2.468
2.468
2.469
2.469
2.469
2.469
2.469
2.47
2.47
2.47
2.47
2.47
2.47
2.471
2.471
2.471
2.471
2.471
2.471
2.471
2.471
2.472
2.472
2.472
2.472
2.472
2.472
2.473
2.473
2.473
2.473
2.473
2.473
2.474
2.474
2.474
2.474
2.474
2.474
2.474
2.474
2.474
2.474
2.474
2.474
2.475
2.475
2.475
2.475
2.475
2.475
2.475
2.475
2.475
2.475
2.475
2.475
2.475
2.476
2.476
2.476
2.476
2.476
2.476
2.476
2.476
2.476
2.476
2.477
2.477
2.477
2.477
2.477
2.477
2.478
2.478
2.478
2.478
2.478
2.478
2.478
2.479
2.479
2.479
2.479
2.479
2.479
2.48
2.48
2.48
2.48
2.48
2.481
2.481
2.481
2.481
2.481
2.481
2.481
2.481
2.481
2.482
2.482
2.482
2.482
2.482
2.482
2.482
2.482
2.482
2.482
2.482
2.482
2.483
2.483
2.483
2.483
2.483
2.483
2.483
2.483
2.483
2.484
2.484
2.484
2.484
2.484
2.485
2.485
2.485
2.485
2.485
2.485
2.485
2.485
2.485
2.486
2.486
2.486
2.486
2.486
2.486
2.486
2.486
2.486
2.487
2.487
2.487
2.487
2.487
2.487
2.487
2.487
2.488
2.488
2.488
2.488
2.488
2.489
2.489
2.489
2.489
2.489
2.489
2.489
2.489
2.49
2.49
2.49
2.49
2.49
2.49
2.49
2.491
2.491
2.491
2.491
2.491
2.491
2.491
2.491
2.491
2.491
2.491
2.492
2.492
2.492
2.492
2.493
2.493
2.493
2.493
2.493
2.493
2.493
2.494
2.494
2.494
2.494
2.494
2.494
2.494
2.494
2.494
2.495
2.495
2.495
2.495
2.495
2.495
2.495
2.495
2.495
2.495
2.495
2.495
2.496
2.496
2.496
2.496
2.496
2.497
2.497
2.497
2.497
2.497
2.497
2.498
2.498
2.498
2.498
2.498
2.498
2.499
2.499
2.5
2.5
2.5
2.5
2.5
2.5
2.5
2.5
2.5
2.5
2.5
2.5
2.5
2.5
2.5
2.5
2.5
2.501
2.501
2.501
2.501
2.501
2.501
2.501
2.501
2.501
2.501
2.501
2.501
2.501
2.502
2.502
2.502
2.502
2.502
2.502
2.502
2.502
2.502
2.503
2.503
2.504
2.504
2.504
2.504
2.504
2.504
2.505
2.505
2.505
2.505
2.505
2.505
2.505
2.505
2.506
2.506
2.506
2.506
2.506
2.506
2.507
2.507
2.507
2.507
2.507
2.507
2.508
2.508
2.508
2.508
2.508
2.508
2.508
2.508
2.508
2.508
2.509
2.509
2.509
2.509
2.509
2.509
2.509
2.509
2.509
2.509
2.51
2.51
2.51
2.51
2.51
2.51
2.51
2.51
2.51
2.51
2.51
2.51
2.51
2.51
2.51
2.511
2.511
2.511
2.511
2.511
2.511
2.511
2.512
2.512
2.512
2.512
2.512
2.512
2.512
2.512
2.512
2.512
2.512
2.513
2.513
2.513
2.513
2.513
2.514
2.514
2.514
2.514
2.514
2.514
2.515
2.515
2.515
2.515
2.515
2.515
2.516
2.516
2.516
2.516
2.516
2.516
2.516
2.516
2.517
2.517
2.517
2.517
2.517
2.517
2.517
2.517
2.517
2.518
2.518
2.518
2.518
2.518
2.518
2.518
2.519
2.519
2.519
2.519
2.519
2.519
2.519
2.519
2.519
2.519
2.519
2.519
2.52
2.52
2.52
2.52
2.52
2.52
2.52
2.52
2.52
2.52
2.52
2.521
2.521
2.521
2.521
2.521
2.521
2.521
2.521
2.521
2.521
2.521
2.521
2.521
2.522
2.522
2.522
2.522
2.523
2.523
2.523
2.523
2.523
2.523
2.523
2.523
2.524
2.524
2.524
2.524
2.524
2.524
2.524
2.524
2.525
2.525
2.525
2.525
2.525
2.525
2.525
2.525
2.525
2.525
2.526
2.526
2.526
2.526
2.526
2.527
2.527
2.527
2.527
2.527
2.528
2.528
2.528
2.528
2.528
2.528
2.528
2.528
2.529
2.529
2.529
2.529
2.529
2.529
2.53
2.53
2.53
2.53
2.53
2.53
2.53
2.53
2.53
2.53
2.53
2.531
2.531
2.531
2.531
2.531
2.531
2.531
2.531
2.531
2.531
2.532
2.532
2.532
2.532
2.533
2.533
2.533
2.533
2.533
2.533
2.533
2.533
2.534
2.534
2.534
2.534
2.534
2.534
2.534
2.534
2.534
2.534
2.535
2.535
2.535
2.535
2.535
2.535
2.535
2.535
2.535
2.535
2.536
2.536
2.536
2.536
2.536
2.536
2.536
2.536
2.536
2.536
2.536
2.537
2.537
2.537
2.538
2.538
2.538
2.538
2.538
2.538
2.538
2.538
2.538
2.538
2.538
2.538
2.539
2.539
2.539
2.539
2.539
2.54
2.54
2.54
2.54
2.54
2.54
2.54
2.541
2.541
2.541
2.541
2.541
2.541
2.541
2.541
2.541
2.542
2.542
2.542
2.543
2.543
2.544
2.544
2.544
2.544
2.544
2.544
2.544
2.545
2.545
2.545
2.545
2.545
2.545
2.545
2.545
2.545
2.546
2.546
2.546
2.546
2.546
2.546
2.546
2.547
2.547
2.547
2.547
2.547
2.547
2.547
2.548
2.548
2.548
2.548
2.548
2.548
2.548
2.548
2.548
2.548
2.548
2.549
2.549
2.549
2.549
2.549
2.549
2.549
2.549
2.549
2.549
2.55
2.55
2.55
2.55
2.55
2.55
2.55
2.55
2.551
2.551
2.551
2.551
2.551
2.551
2.551
2.552
2.552
2.552
2.552
2.552
2.552
2.553
2.553
2.553
2.553
2.553
2.554
2.554
2.554
2.554
2.554
2.554
2.554
2.554
2.554
2.555
2.555
2.555
2.555
2.556
2.556
2.556
2.556
2.556
2.556
2.556
2.556
2.557
2.557
2.557
2.557
2.557
2.557
2.557
2.557
2.557
2.557
2.558
2.558
2.558
2.558
2.558
2.558
2.558
2.558
2.558
2.558
2.558
2.559
2.559
2.559
2.559
2.559
2.56
2.56
2.56
2.56
2.56
2.56
2.56
2.56
2.56
2.561
2.561
2.561
2.561
2.561
2.561
2.561
2.561
2.561
2.561
2.561
2.562
2.562
2.562
2.562
2.562
2.562
2.562
2.562
2.562
2.562
2.563
2.563
2.563
2.563
2.563
2.563
2.563
2.564
2.564
2.564
2.564
2.564
2.564
2.564
2.565
2.565
2.565
2.565
2.565
2.565
2.565
2.565
2.566
2.566
2.566
2.566
2.566
2.566
2.567
2.567
2.567
2.567
2.567
2.568
2.568
2.568
2.568
2.568
2.569
2.569
2.569
2.569
2.569
2.569
2.569
2.569
2.569
2.569
2.57
2.57
2.57
2.57
2.57
2.57
2.57
2.571
2.571
2.571
2.571
2.571
2.571
2.571
2.571
2.571
2.571
2.572
2.572
2.572
2.572
2.572
2.572
2.572
2.573
2.573
2.573
2.573
2.573
2.573
2.573
2.573
2.574
2.574
2.574
2.574
2.574
2.574
2.574
2.574
2.574
2.574
2.574
2.574
2.575
2.575
2.575
2.575
2.575
2.575
2.575
2.576
2.576
2.576
2.576
2.576
2.576
2.576
2.576
2.576
2.576
2.576
2.576
2.576
2.577
2.577
2.577
2.577
2.577
2.577
2.577
2.577
2.577
2.577
2.578
2.578
2.578
2.578
2.578
2.578
2.579
2.579
2.579
2.579
2.579
2.579
2.579
2.579
2.579
2.579
2.579
2.579
2.579
2.579
2.579
2.579
2.58
2.58
2.58
2.58
2.58
2.58
2.58
2.58
2.58
2.581
2.581
2.581
2.581
2.581
2.581
2.581
2.581
2.581
2.581
2.581
2.582
2.582
2.582
2.582
2.582
2.582
2.582
2.582
2.582
2.583
2.583
2.583
2.583
2.583
2.583
2.583
2.583
2.583
2.583
2.584
2.584
2.584
2.584
2.584
2.584
2.584
2.584
2.584
2.584
2.584
2.585
2.585
2.585
2.585
2.585
2.586
2.586
2.586
2.586
2.586
2.586
2.587
2.587
2.587
2.587
2.587
2.587
2.587
2.587
2.588
2.588
2.588
2.588
2.588
2.588
2.589
2.589
2.589
2.589
2.589
2.589
2.589
2.589
2.589
2.589
2.59
2.59
2.59
2.59
2.59
2.59
2.59
2.59
2.59
2.59
2.59
2.591
2.591
2.591
2.591
2.591
2.591
2.591
2.591
2.591
2.592
2.592
2.592
2.592
2.592
2.592
2.592
2.593
2.593
2.593
2.593
2.593
2.593
2.594
2.594
2.594
2.594
2.595
2.595
2.595
2.595
2.595
2.595
2.595
2.595
2.595
2.595
2.595
2.595
2.595
2.595
2.596
2.596
2.596
2.596
2.596
2.597
2.597
2.597
2.597
2.597
2.597
2.597
2.597
2.597
2.597
2.597
2.598
2.598
2.598
2.598
2.598
2.598
2.598
2.599
2.599
2.599
2.599
2.599
2.599
2.599
2.599
2.6
2.6
2.6
2.6
2.6
2.6
2.6
2.6
2.601
2.601
2.601
2.601
2.601
2.601
2.601
2.602
2.602
2.602
2.602
2.602
2.602
2.602
2.602
2.603
2.603
2.603
2.603
2.603
2.604
2.604
2.604
2.604
2.604
2.604
2.604
2.605
2.605
2.605
2.605
2.605
2.605
2.605
2.606
2.606
2.606
2.606
2.606
2.607
2.607
2.607
2.607
2.607
2.607
2.607
2.607
2.608
2.608
2.608
2.608
2.608
2.608
2.608
2.608
2.608
2.608
2.608
2.609
2.609
2.609
2.609
2.609
2.609
2.609
2.609
2.609
2.609
2.609
2.609
2.609
2.609
2.61
2.61
2.61
2.61
2.61
2.61
2.61
2.61
2.611
2.611
2.611
2.611
2.611
2.611
2.611
2.612
2.612
2.612
2.612
2.612
2.612
2.613
2.613
2.613
2.613
2.613
2.613
2.613
2.613
2.613
2.614
2.614
2.614
2.614
2.614
2.614
2.614
2.614
2.614
2.614
2.614
2.614
2.614
2.615
2.615
2.615
2.615
2.615
2.615
2.615
2.615
2.616
2.616
2.616
2.616
2.616
2.616
2.617
2.617
2.617
2.617
2.617
2.617
2.617
2.617
2.617
2.618
2.618
2.618
2.618
2.619
2.619
2.619
2.619
2.619
2.619
2.619
2.62
2.62
2.62
2.62
2.62
2.62
2.62
2.62
2.62
2.62
2.621
2.621
2.621
2.621
2.621
2.621
2.622
2.622
2.622
2.622
2.622
2.622
2.623
2.623
2.623
2.623
2.623
2.623
2.623
2.623
2.623
2.623
2.624
2.624
2.624
2.624
2.624
2.624
2.624
2.624
2.625
2.625
2.625
2.625
2.625
2.625
2.625
2.625
2.625
2.625
2.625
2.625
2.625
2.625
2.625
2.626
2.626
2.626
2.626
2.626
2.626
2.627
2.627
2.627
2.627
2.627
2.627
2.627
2.627
2.627
2.627
2.627
2.627
2.627
2.628
2.628
2.628
2.628
2.628
2.628
2.629
2.629
2.629
2.629
2.629
2.629
2.63
2.63
2.63
2.63
2.63
2.63
2.63
2.63
2.63
2.631
2.631
2.631
2.631
2.631
2.631
2.631
2.631
2.631
2.632
2.632
2.632
2.632
2.632
2.632
2.632
2.632
2.632
2.632
2.632
2.633
2.633
2.633
2.633
2.633
2.633
2.633
2.633
2.633
2.634
2.634
2.634
2.634
2.634
2.635
2.635
2.635
2.635
2.635
2.635
2.636
2.636
2.636
2.636
2.636
2.636
2.636
2.636
2.637
2.637
2.637
2.637
2.637
2.637
2.637
2.638
2.638
2.638
2.638
2.638
2.638
2.638
2.638
2.638
2.638
2.639
2.639
2.639
2.639
2.639
2.639
2.639
2.639
2.639
2.639
2.64
2.64
2.64
2.64
2.64
2.64
2.64
2.64
2.64
2.64
2.64
2.641
2.641
2.641
2.641
2.641
2.641
2.641
2.642
2.642
2.642
2.642
2.642
2.642
2.642
2.642
2.643
2.643
2.643
2.643
2.643
2.644
2.644
2.644
2.644
2.644
2.644
2.644
2.645
2.645
2.645
2.645
2.645
2.645
2.645
2.645
2.645
2.646
2.646
2.646
2.646
2.646
2.646
2.646
2.647
2.647
2.647
2.648
2.648
2.648
2.649
2.649
2.649
2.649
2.649
2.649
2.649
2.649
2.649
2.649
2.649
2.65
2.65
2.65
2.65
2.65
2.65
2.65
2.65
2.65
2.65
2.65
2.65
2.65
2.65
2.651
2.651
2.651
2.651
2.651
2.652
2.652
2.652
2.652
2.652
2.652
2.653
2.653
2.653
2.653
2.653
2.653
2.654
2.654
2.654
2.654
2.654
2.654
2.654
2.654
2.654
2.654
2.654
2.654
2.654
2.654
2.654
2.654
2.654
2.655
2.655
2.655
2.655
2.655
2.655
2.655
2.655
2.655
2.656
2.656
2.656
2.656
2.657
2.657
2.657
2.657
2.657
2.657
2.657
2.658
2.658
2.658
2.658
2.658
2.658
2.658
2.658
2.658
2.658
2.658
2.658
2.659
2.659
2.659
2.659
2.659
2.659
2.659
2.659
2.66
2.66
2.66
2.66
2.66
2.66
2.66
2.66
2.661
2.661
2.661
2.661
2.661
2.661
2.661
2.661
2.661
2.661
2.661
2.661
2.662
2.662
2.662
2.662
2.662
2.662
2.662
2.662
2.662
2.662
2.662
2.662
2.662
2.662
2.662
2.663
2.663
2.663
2.663
2.663
2.663
2.663
2.663
2.663
2.663
2.663
2.664
2.664
2.664
2.664
2.664
2.664
2.664
2.664
2.665
2.665
2.665
2.665
2.665
2.665
2.666
2.666
2.666
2.666
2.666
2.666
2.666
2.666
2.666
2.666
2.667
2.667
2.667
2.667
2.667
2.667
2.667
2.667
2.668
2.668
2.668
2.668
2.668
2.668
2.668
2.668
2.669
2.669
2.669
2.669
2.669
2.669
2.669
2.67
2.67
2.67
2.67
2.67
2.67
2.67
2.671
2.671
2.671
2.671
2.671
2.671
2.671
2.671
2.671
2.671
2.672
2.672
2.672
2.672
2.672
2.672
2.672
2.673
2.673
2.673
2.673
2.673
2.673
2.673
2.673
2.674
2.674
2.674
2.674
2.674
2.674
2.674
2.674
2.674
2.674
2.674
2.674
2.674
2.675
2.675
2.675
2.675
2.675
2.675
2.675
2.675
2.675
2.676
2.676
2.676
2.676
2.676
2.676
2.676
2.677
2.677
2.677
2.677
2.677
2.677
2.677
2.678
2.678
2.678
2.678
2.678
2.678
2.678
2.678
2.678
2.678
2.678
2.678
2.678
2.679
2.679
2.679
2.679
2.679
2.679
2.679
2.679
2.68
2.68
2.68
2.68
2.681
2.681
2.681
2.681
2.681
2.681
2.682
2.682
2.682
2.682
2.682
2.682
2.682
2.682
2.682
2.682
2.683
2.683
2.683
2.683
2.683
2.683
2.683
2.683
2.683
2.683
2.683
2.683
2.683
2.683
2.684
2.684
2.684
2.684
2.684
2.684
2.684
2.684
2.685
2.685
2.685
2.685
2.686
2.686
2.686
2.686
2.686
2.686
2.686
2.686
2.686
2.686
2.686
2.686
2.686
2.686
2.687
2.687
2.687
2.687
2.687
2.687
2.687
2.687
2.687
2.687
2.688
2.688
2.688
2.688
2.688
2.688
2.689
2.689
2.689
2.689
2.689
2.689
2.689
2.689
2.689
2.689
2.69
2.69
2.69
2.69
2.69
2.69
2.69
2.69
2.69
2.69
2.69
2.69
2.69
2.69
2.69
2.69
2.691
2.691
2.691
2.691
2.691
2.691
2.691
2.691
2.691
2.691
2.691
2.691
2.691
2.692
2.692
2.692
2.692
2.692
2.692
2.692
2.693
2.693
2.693
2.693
2.693
2.694
2.694
2.694
2.694
2.694
2.694
2.695
2.695
2.695
2.695
2.695
2.695
2.695
2.696
2.696
2.696
2.696
2.696
2.696
2.696
2.697
2.697
2.697
2.697
2.697
2.697
2.697
2.697
2.698
2.698
2.698
2.698
2.698
2.698
2.698
2.698
2.699
2.699
2.699
2.699
2.699
2.699
2.699
2.699
2.699
2.699
2.7
2.7
2.7
2.7
2.7
2.7
2.7
2.7
2.701
2.701
2.701
2.701
2.701
2.701
2.701
2.701
2.701
2.701
2.701
2.701
2.701
2.701
2.701
2.701
2.702
2.702
2.702
2.702
2.702
2.702
2.702
2.702
2.702
2.702
2.703
2.703
2.703
2.703
2.703
2.703
2.704
2.704
2.704
2.704
2.704
2.704
2.705
2.705
2.705
2.705
2.706
2.706
2.706
2.706
2.706
2.706
2.706
2.706
2.706
2.706
2.706
2.706
2.707
2.707
2.707
2.707
2.707
2.707
2.707
2.708
2.708
2.708
2.708
2.708
2.708
2.708
2.708
2.709
2.709
2.709
2.709
2.709
2.709
2.709
2.709
2.709
2.71
2.71
2.71
2.71
2.71
2.71
2.71
2.71
2.71
2.71
2.71
2.711
2.711
2.711
2.711
2.711
2.712
2.712
2.712
2.712
2.712
2.712
2.712
2.712
2.712
2.712
2.712
2.712
2.712
2.713
2.713
2.713
2.713
2.713
2.713
2.714
2.714
2.714
2.714
2.714
2.714
2.715
2.715
2.715
2.715
2.715
2.715
2.715
2.715
2.715
2.715
2.716
2.716
2.716
2.716
2.716
2.717
2.717
2.717
2.717
2.717
2.717
2.718
2.718
2.718
2.718
2.718
2.718
2.718
2.718
2.719
2.719
2.719
2.719
2.719
2.719
2.72
2.72
2.72
2.72
2.72
2.72
2.72
2.721
2.721
2.721
2.721
2.721
2.721
2.721
2.721
2.721
2.722
2.722
2.722
2.722
2.722
2.722
2.722
2.722
2.723
2.723
2.723
2.723
2.723
2.723
2.723
2.723
2.723
2.723
2.723
2.724
2.724
2.724
2.724
2.724
2.724
2.724
2.724
2.724
2.724
2.725
2.725
2.725
2.725
2.725
2.725
2.725
2.725
2.725
2.725
2.725
2.725
2.725
2.725
2.725
2.726
2.726
2.726
2.726
2.726
2.726
2.726
2.726
2.726
2.726
2.727
2.727
2.727
2.727
2.727
2.727
2.727
2.727
2.728
2.728
2.728
2.728
2.728
2.728
2.728
2.728
2.728
2.728
2.728
2.729
2.729
2.729
2.729
2.729
2.729
2.729
2.729
2.729
2.729
2.73
2.73
2.73
2.73
2.73
2.73
2.73
2.73
2.73
2.73
2.73
2.731
2.731
2.731
2.731
2.731
2.731
2.732
2.732
2.732
2.733
2.733
2.733
2.733
2.733
2.733
2.733
2.733
2.733
2.733
2.733
2.734
2.734
2.734
2.734
2.734
2.734
2.734
2.734
2.734
2.734
2.734
2.734
2.734
2.735
2.735
2.735
2.735
2.735
2.735
2.735
2.735
2.736
2.736
2.736
2.736
2.737
2.737
2.737
2.737
2.737
2.737
2.737
2.737
2.737
2.737
2.738
2.738
2.738
2.738
2.738
2.738
2.739
2.739
2.739
2.739
2.74
2.74
2.74
2.74
2.74
2.741
2.741
2.741
2.741
2.741
2.741
2.741
2.741
2.742
2.742
2.742
2.742
2.742
2.743
2.743
2.743
2.743
2.743
2.743
2.743
2.743
2.743
2.743
2.744
2.744
2.744
2.744
2.744
2.744
2.744
2.744
2.744
2.744
2.744
2.744
2.744
2.745
2.745
2.745
2.745
2.745
2.745
2.745
2.746
2.746
2.746
2.746
2.746
2.746
2.746
2.746
2.746
2.747
2.747
2.747
2.747
2.747
2.747
2.748
2.748
2.748
2.748
2.748
2.748
2.748
2.748
2.749
2.749
2.749
2.749
2.749
2.749
2.749
2.749
2.749
2.749
2.75
2.75
2.75
2.75
2.75
2.75
2.75
2.75
2.75
2.75
2.751
2.751
2.751
2.751
2.751
2.751
2.752
2.752
2.752
2.752
2.752
2.752
2.753
2.753
2.753
2.753
2.753
2.753
2.753
2.753
2.753
2.754
2.754
2.754
2.754
2.754
2.754
2.754
2.754
2.754
2.754
2.754
2.755
2.755
2.755
2.755
2.755
2.755
2.755
2.755
2.755
2.755
2.755
2.755
2.755
2.756
2.756
2.756
2.756
2.756
2.756
2.756
2.756
2.756
2.756
2.756
2.756
2.756
2.756
2.756
2.757
2.757
2.757
2.757
2.757
2.757
2.757
2.757
2.757
2.757
2.757
2.758
2.758
2.758
2.758
2.758
2.758
2.758
2.758
2.758
2.758
2.758
2.759
2.759
2.759
2.759
2.759
2.759
2.759
2.76
2.76
2.76
2.76
2.76
2.76
2.76
2.76
2.76
2.76
2.761
2.761
2.761
2.761
2.761
2.761
2.761
2.761
2.761
2.762
2.762
2.762
2.762
2.762
2.762
2.763
2.763
2.763
2.763
2.763
2.763
2.763
2.763
2.763
2.763
2.764
2.764
2.764
2.764
2.764
2.764
2.764
2.765
2.765
2.765
2.765
2.765
2.765
2.765
2.765
2.765
2.765
2.766
2.766
2.766
2.766
2.766
2.766
2.766
2.766
2.766
2.767
2.767
2.767
2.767
2.767
2.767
2.767
2.768
2.768
2.768
2.768
2.768
2.768
2.768
2.768
2.769
2.769
2.769
2.769
2.769
2.77
2.77
2.77
2.77
2.77
2.77
2.77
2.77
2.77
2.77
2.771
2.771
2.771
2.771
2.771
2.771
2.772
2.772
2.772
2.772
2.772
2.772
2.772
2.772
2.772
2.772
2.772
2.773
2.773
2.773
2.773
2.773
2.774
2.774
2.774
2.774
2.774
2.774
2.774
2.774
2.774
2.775
2.775
2.775
2.775
2.775
2.775
2.775
2.775
2.775
2.776
2.776
2.776
2.776
2.776
2.776
2.776
2.776
2.776
2.777
2.777
2.777
2.777
2.777
2.777
2.777
2.777
2.777
2.778
2.778
2.778
2.778
2.778
2.779
2.779
2.779
2.779
2.779
2.779
2.779
2.779
2.779
2.779
2.779
2.78
2.78
2.78
2.78
2.78
2.78
2.78
2.781
2.781
2.781
2.781
2.781
2.781
2.782
2.782
2.782
2.782
2.782
2.782
2.782
2.782
2.782
2.783
2.783
2.783
2.783
2.783
2.784
2.784
2.784
2.784
2.784
2.784
2.784
2.784
2.785
2.785
2.785
2.785
2.785
2.785
2.785
2.785
2.785
2.785
2.785
2.785
2.785
2.786
2.786
2.786
2.786
2.786
2.786
2.787
2.787
2.787
2.787
2.787
2.787
2.787
2.787
2.787
2.787
2.788
2.788
2.788
2.788
2.788
2.788
2.788
2.789
2.789
2.789
2.789
2.789
2.789
2.789
2.789
2.79
2.79
2.79
2.79
2.79
2.79
2.791
2.791
2.791
2.791
2.791
2.791
2.791
2.791
2.791
2.791
2.792
2.792
2.792
2.792
2.792
2.792
2.793
2.793
2.793
2.793
2.794
2.794
2.794
2.794
2.794
2.795
2.795
2.795
2.795
2.796
2.796
2.796
2.796
2.796
2.796
2.796
2.796
2.797
2.797
2.797
2.797
2.797
2.797
2.797
2.797
2.797
2.798
2.798
2.798
2.798
2.798
2.798
2.798
2.798
2.798
2.798
2.798
2.798
2.798
2.798
2.799
2.799
2.799
2.799
2.8
2.8
2.8
2.8
2.8
2.8
2.8
2.8
2.801
2.801
2.801
2.801
2.801
2.801
2.801
2.801
2.801
2.801
2.801
2.801
2.802
2.802
2.802
2.802
2.802
2.802
2.802
2.802
2.802
2.802
2.803
2.803
2.803
2.803
2.803
2.803
2.804
2.804
2.804
2.804
2.804
2.804
2.804
2.804
2.804
2.804
2.804
2.804
2.805
2.805
2.805
2.805
2.805
2.805
2.805
2.805
2.805
2.806
2.806
2.806
2.806
2.806
2.807
2.807
2.807
2.807
2.807
2.807
2.807
2.807
2.808
2.808
2.808
2.808
2.808
2.808
2.808
2.808
2.809
2.809
2.809
2.809
2.809
2.809
2.809
2.809
2.809
2.809
2.809
2.809
2.81
2.81
2.81
2.811
2.811
2.812
2.812
2.812
2.812
2.812
2.813
2.813
2.813
2.813
2.814
2.814
2.814
2.814
2.814
2.814
2.814
2.815
2.815
2.815
2.816
2.816
2.816
2.816
2.816
2.816
2.816
2.816
2.816
2.817
2.817
2.817
2.817
2.817
2.817
2.817
2.818
2.818
2.818
2.818
2.818
2.819
2.819
2.819
2.819
2.819
2.819
2.82
2.82
2.82
2.82
2.82
2.821
2.821
2.821
2.821
2.821
2.821
2.821
2.821
2.821
2.822
2.822
2.823
2.823
2.823
2.823
2.823
2.823
2.823
2.824
2.824
2.824
2.825
2.825
2.825
2.825
2.826
2.826
2.826
2.826
2.826
2.827
2.827
2.827
2.827
2.827
2.827
2.827
2.827
2.828
2.828
2.828
2.828
2.828
2.828
2.828
2.828
2.828
2.829
2.829
2.829
2.829
2.829
2.829
2.829
2.83
2.83
2.83
2.83
2.83
2.83
2.83
2.83
2.831
2.831
2.831
2.831
2.831
2.832
2.832
2.832
2.832
2.832
2.832
2.832
2.832
2.832
2.833
2.833
2.833
2.833
2.833
2.833
2.833
2.833
2.834
2.834
2.834
2.834
2.834
2.834
2.834
2.834
2.834
2.835
2.835
2.835
2.835
2.835
2.835
2.835
2.835
2.836
2.836
2.836
2.836
2.836
2.836
2.836
2.836
2.836
2.837
2.837
2.837
2.837
2.837
2.837
2.837
2.837
2.837
2.837
2.838
2.838
2.838
2.838
2.838
2.838
2.838
2.838
2.838
2.839
2.839
2.839
2.839
2.839
2.839
2.839
2.839
2.839
2.839
2.84
2.84
2.84
2.84
2.84
2.841
2.841
2.841
2.841
2.841
2.841
2.842
2.842
2.842
2.842
2.842
2.842
2.842
2.842
2.843
2.843
2.843
2.843
2.843
2.843
2.844
2.844
2.844
2.844
2.844
2.844
2.844
2.844
2.844
2.844
2.844
2.844
2.845
2.845
2.845
2.845
2.845
2.845
2.845
2.845
2.846
2.846
2.846
2.846
2.846
2.846
2.846
2.847
2.847
2.847
2.847
2.847
2.847
2.847
2.847
2.847
2.847
2.848
2.848
2.848
2.848
2.848
2.848
2.848
2.848
2.848
2.848
2.848
2.848
2.849
2.849
2.849
2.849
2.849
2.849
2.85
2.85
2.85
2.85
2.85
2.85
2.851
2.851
2.851
2.851
2.851
2.851
2.852
2.852
2.852
2.853
2.853
2.853
2.853
2.853
2.854
2.854
2.854
2.854
2.854
2.854
2.854
2.854
2.854
2.855
2.855
2.855
2.855
2.855
2.855
2.856
2.856
2.856
2.856
2.856
2.856
2.856
2.857
2.857
2.857
2.857
2.857
2.857
2.857
2.857
2.858
2.858
2.858
2.858
2.858
2.858
2.858
2.858
2.859
2.859
2.859
2.859
2.859
2.859
2.859
2.859
2.859
2.86
2.86
2.86
2.86
2.86
2.86
2.86
2.86
2.86
2.861
2.861
2.861
2.861
2.861
2.862
2.862
2.862
2.862
2.862
2.862
2.863
2.863
2.863
2.863
2.864
2.864
2.864
2.864
2.864
2.864
2.864
2.865
2.865
2.865
2.865
2.865
2.865
2.865
2.865
2.866
2.866
2.866
2.866
2.866
2.866
2.866
2.867
2.867
2.867
2.868
2.868
2.868
2.868
2.869
2.869
2.869
2.869
2.869
2.87
2.87
2.87
2.87
2.87
2.87
2.871
2.871
2.871
2.872
2.872
2.872
2.872
2.872
2.873
2.873
2.873
2.873
2.873
2.873
2.873
2.873
2.873
2.873
2.874
2.874
2.874
2.874
2.874
2.874
2.875
2.875
2.875
2.875
2.875
2.875
2.875
2.875
2.876
2.876
2.877
2.877
2.877
2.877
2.877
2.877
2.877
2.877
2.878
2.878
2.878
2.878
2.878
2.878
2.878
2.878
2.878
2.879
2.879
2.879
2.879
2.879
2.88
2.88
2.88
2.88
2.88
2.88
2.881
2.881
2.881
2.881
2.881
2.881
2.881
2.881
2.882
2.882
2.882
2.882
2.882
2.882
2.882
2.882
2.883
2.883
2.883
2.883
2.883
2.883
2.883
2.883
2.884
2.884
2.884
2.885
2.885
2.885
2.885
2.885
2.886
2.886
2.886
2.886
2.887
2.887
2.887
2.887
2.887
2.887
2.887
2.888
2.888
2.888
2.888
2.888
2.889
2.889
2.889
2.889
2.889
2.889
2.889
2.889
2.889
2.889
2.89
2.89
2.89
2.89
2.89
2.89
2.891
2.891
2.891
2.891
2.891
2.891
2.892
2.892
2.892
2.893
2.893
2.893
2.893
2.893
2.893
2.893
2.893
2.893
2.893
2.894
2.894
2.894
2.894
2.894
2.894
2.894
2.894
2.895
2.895
2.895
2.895
2.895
2.896
2.896
2.896
2.896
2.896
2.896
2.896
2.896
2.896
2.896
2.897
2.897
2.897
2.897
2.897
2.897
2.897
2.897
2.897
2.897
2.897
2.898
2.898
2.898
2.898
2.898
2.898
2.898
2.898
2.898
2.898
2.899
2.899
2.9
2.9
2.9
2.901
2.901
2.901
2.901
2.901
2.901
2.901
2.901
2.901
2.901
2.901
2.902
2.902
2.903
2.903
2.903
2.904
2.904
2.905
2.905
2.905
2.905
2.905
2.905
2.905
2.905
2.906
2.906
2.906
2.906
2.906
2.906
2.906
2.906
2.906
2.906
2.906
2.907
2.907
2.907
2.907
2.908
2.908
2.908
2.909
2.909
2.909
2.909
2.91
2.91
2.91
2.91
2.91
2.91
2.91
2.91
2.911
2.911
2.911
2.911
2.912
2.912
2.912
2.912
2.912
2.912
2.913
2.913
2.913
2.913
2.913
2.913
2.914
2.914
2.914
2.914
2.914
2.914
2.914
2.914
2.914
2.915
2.915
2.915
2.915
2.916
2.916
2.916
2.917
2.917
2.917
2.918
2.918
2.918
2.919
2.919
2.919
2.919
2.919
2.919
2.919
2.92
2.92
2.92
2.92
2.92
2.92
2.92
2.92
2.921
2.921
2.921
2.922
2.922
2.922
2.922
2.922
2.922
2.922
2.922
2.923
2.923
2.923
2.923
2.923
2.923
2.923
2.923
2.923
2.924
2.924
2.924
2.924
2.924
2.924
2.924
2.925
2.925
2.925
2.925
2.925
2.925
2.926
2.926
2.926
2.926
2.926
2.927
2.927
2.927
2.927
2.927
2.927
2.927
2.927
2.927
2.928
2.928
2.928
2.928
2.928
2.928
2.929
2.929
2.929
2.929
2.93
2.93
2.93
2.93
2.93
2.931
2.931
2.931
2.931
2.931
2.931
2.931
2.931
2.931
2.931
2.931
2.931
2.932
2.932
2.932
2.933
2.933
2.933
2.933
2.934
2.934
2.934
2.934
2.934
2.934
2.934
2.934
2.934
2.935
2.935
2.935
2.935
2.935
2.935
2.935
2.935
2.935
2.935
2.936
2.936
2.936
2.936
2.936
2.936
2.936
2.936
2.937
2.937
2.937
2.937
2.937
2.937
2.937
2.937
2.938
2.938
2.938
2.938
2.938
2.938
2.939
2.939
2.939
2.939
2.94
2.94
2.94
2.94
2.94
2.94
2.94
2.94
2.941
2.941
2.941
2.941
2.941
2.941
2.941
2.941
2.942
2.942
2.942
2.942
2.942
2.942
2.942
2.942
2.943
2.943
2.943
2.943
2.943
2.943
2.944
2.944
2.944
2.944
2.944
2.944
2.944
2.945
2.945
2.945
2.945
2.945
2.945
2.945
2.945
2.945
2.945
2.946
2.946
2.946
2.946
2.946
2.946
2.946
2.947
2.947
2.947
2.947
2.947
2.947
2.947
2.947
2.948
2.948
2.948
2.948
2.948
2.948
2.948
2.949
2.949
2.949
2.949
2.949
2.949
2.949
2.949
2.949
2.949
2.949
2.949
2.949
2.95
2.95
2.95
2.95
2.95
2.95
2.95
2.95
2.95
2.951
2.951
2.951
2.951
2.951
2.951
2.951
2.951
2.951
2.952
2.952
2.952
2.952
2.952
2.953
2.953
2.953
2.953
2.953
2.953
2.953
2.953
2.953
2.953
2.953
2.953
2.954
2.954
2.954
2.954
2.954
2.954
2.954
2.955
2.955
2.955
2.955
2.955
2.956
2.956
2.956
2.956
2.957
2.957
2.957
2.957
2.957
2.957
2.958
2.958
2.958
2.958
2.958
2.959
2.959
2.959
2.959
2.959
2.96
2.96
2.96
2.96
2.96
2.96
2.96
2.961
2.961
2.961
2.961
2.961
2.962
2.962
2.962
2.962
2.963
2.963
2.963
2.963
2.963
2.964
2.964
2.964
2.964
2.965
2.965
2.965
2.965
2.966
2.966
2.966
2.966
2.966
2.966
2.967
2.967
2.967
2.967
2.967
2.967
2.967
2.968
2.968
2.968
2.968
2.968
2.968
2.968
2.969
2.969
2.969
2.969
2.969
2.969
2.97
2.97
2.97
2.971
2.971
2.971
2.971
2.971
2.971
2.971
2.971
2.972
2.972
2.972
2.972
2.972
2.972
2.973
2.973
2.973
2.973
2.973
2.974
2.974
2.974
2.974
2.974
2.975
2.975
2.975
2.975
2.975
2.975
2.976
2.976
2.976
2.976
2.976
2.977
2.977
2.977
2.977
2.977
2.977
2.977
2.978
2.978
2.978
2.978
2.979
2.979
2.979
2.979
2.979
2.979
2.979
2.979
2.98
2.98
2.98
2.98
2.98
2.98
2.98
2.98
2.981
2.981
2.981
2.981
2.981
2.981
2.982
2.982
2.982
2.982
2.982
2.982
2.982
2.982
2.982
2.982
2.983
2.983
2.983
2.983
2.983
2.984
2.984
2.984
2.984
2.984
2.984
2.985
2.985
2.985
2.985
2.985
2.985
2.985
2.985
2.985
2.985
2.985
2.985
2.986
2.986
2.986
2.986
2.986
2.987
2.987
2.987
2.987
2.987
2.987
2.987
2.988
2.988
2.988
2.988
2.988
2.988
2.988
2.989
2.989
2.989
2.989
2.989
2.989
2.99
2.99
2.99
2.99
2.99
2.99
2.991
2.991
2.991
2.991
2.991
2.992
2.992
2.992
2.992
2.992
2.992
2.992
2.993
2.993
2.993
2.993
2.993
2.993
2.993
2.993
2.993
2.993
2.993
2.994
2.994
2.994
2.994
2.995
2.995
2.995
2.995
2.995
2.995
2.995
2.996
2.996
2.996
2.997
2.997
2.997
2.998
2.998
2.998
2.998
2.998
2.998
2.998
2.998
2.999
2.999
2.999
2.999
3
3
3
3
3.001
3.001
3.001
3.001
3.001
3.002
3.002
3.002
3.002
3.002
3.003
3.003
3.003
3.003
3.003
3.003
3.003
3.003
3.004
3.004
3.005
3.005
3.005
3.005
3.005
3.005
3.006
3.006
3.006
3.006
3.006
3.006
3.006
3.007
3.007
3.007
3.007
3.007
3.007
3.008
3.008
3.008
3.008
3.009
3.009
3.009
3.009
3.009
3.01
3.01
3.01
3.011
3.011
3.012
3.012
3.012
3.012
3.012
3.012
3.012
3.012
3.012
3.013
3.013
3.013
3.013
3.013
3.013
3.013
3.013
3.013
3.014
3.014
3.014
3.014
3.014
3.015
3.015
3.016
3.016
3.016
3.016
3.016
3.017
3.017
3.017
3.017
3.017
3.017
3.017
3.018
3.018
3.018
3.018
3.018
3.018
3.018
3.018
3.018
3.018
3.018
3.019
3.02
3.02
3.02
3.02
3.021
3.021
3.021
3.021
3.022
3.022
3.022
3.022
3.023
3.023
3.023
3.024
3.024
3.025
3.025
3.025
3.025
3.025
3.025
3.026
3.026
3.026
3.027
3.027
3.027
3.027
3.027
3.027
3.027
3.027
3.027
3.028
3.028
3.028
3.028
3.029
3.029
3.029
3.029
3.029
3.029
3.03
3.03
3.03
3.03
3.03
3.03
3.03
3.03
3.03
3.031
3.031
3.031
3.031
3.031
3.031
3.031
3.032
3.032
3.032
3.032
3.032
3.032
3.033
3.033
3.033
3.033
3.033
3.033
3.034
3.034
3.034
3.034
3.034
3.035
3.035
3.035
3.035
3.035
3.036
3.036
3.036
3.036
3.036
3.036
3.036
3.036
3.037
3.037
3.037
3.037
3.037
3.037
3.038
3.038
3.039
3.04
3.04
3.04
3.041
3.041
3.042
3.042
3.043
3.043
3.043
3.043
3.043
3.043
3.044
3.044
3.044
3.044
3.044
3.044
3.044
3.045
3.045
3.045
3.045
3.045
3.045
3.045
3.046
3.046
3.046
3.046
3.046
3.046
3.046
3.047
3.047
3.047
3.047
3.047
3.047
3.047
3.047
3.047
3.048
3.048
3.048
3.048
3.048
3.048
3.048
3.049
3.049
3.049
3.049
3.049
3.05
3.05
3.05
3.05
3.051
3.052
3.052
3.052
3.053
3.054
3.054
3.055
3.055
3.055
3.055
3.055
3.055
3.055
3.055
3.056
3.056
3.056
3.056
3.056
3.056
3.056
3.056
3.058
3.058
3.058
3.058
3.058
3.058
3.059
3.059
3.059
3.059
3.059
3.061
3.061
3.061
3.061
3.061
3.061
3.061
3.061
3.061
3.061
3.062
3.062
3.063
3.063
3.063
3.063
3.063
3.063
3.063
3.063
3.064
3.064
3.064
3.064
3.064
3.064
3.064
3.064
3.065
3.065
3.065
3.065
3.065
3.065
3.065
3.066
3.066
3.066
3.066
3.066
3.066
3.067
3.067
3.067
3.067
3.067
3.067
3.067
3.067
3.068
3.068
3.068
3.069
3.069
3.069
3.07
3.07
3.07
3.07
3.07
3.07
3.07
3.071
3.071
3.071
3.071
3.071
3.071
3.071
3.072
3.072
3.072
3.072
3.072
3.072
3.072
3.072
3.072
3.073
3.073
3.073
3.074
3.074
3.074
3.075
3.075
3.075
3.075
3.075
3.075
3.075
3.075
3.075
3.075
3.075
3.076
3.076
3.076
3.076
3.076
3.076
3.078
3.078
3.079
3.079
3.079
3.079
3.08
3.08
3.08
3.08
3.081
3.081
3.081
3.081
3.081
3.081
3.081
3.082
3.082
3.082
3.082
3.082
3.082
3.083
3.083
3.083
3.084
3.084
3.085
3.085
3.086
3.086
3.086
3.086
3.087
3.087
3.087
3.087
3.087
3.087
3.087
3.088
3.088
3.088
3.089
3.089
3.089
3.09
3.09
3.09
3.09
3.091
3.091
3.091
3.091
3.091
3.091
3.092
3.092
3.092
3.092
3.093
3.093
3.093
3.093
3.093
3.093
3.094
3.094
3.094
3.094
3.094
3.094
3.094
3.094
3.095
3.095
3.095
3.095
3.095
3.095
3.096
3.096
3.096
3.096
3.096
3.097
3.097
3.097
3.097
3.098
3.098
3.098
3.098
3.098
3.098
3.099
3.099
3.099
3.099
3.099
3.1
3.101
3.101
3.102
3.102
3.102
3.102
3.103
3.103
3.103
3.103
3.104
3.104
3.104
3.104
3.105
3.105
3.105
3.105
3.105
3.106
3.106
3.106
3.107
3.107
3.107
3.107
3.107
3.107
3.107
3.107
3.108
3.108
3.108
3.108
3.108
3.108
3.109
3.109
3.109
3.109
3.11
3.11
3.11
3.11
3.111
3.111
3.111
3.111
3.111
3.112
3.113
3.113
3.113
3.114
3.114
3.115
3.115
3.115
3.116
3.116
3.116
3.116
3.117
3.117
3.117
3.117
3.117
3.118
3.118
3.118
3.118
3.118
3.118
3.118
3.119
3.119
3.119
3.119
3.119
3.12
3.12
3.12
3.12
3.121
3.121
3.121
3.121
3.122
3.122
3.122
3.122
3.122
3.122
3.122
3.122
3.122
3.123
3.123
3.123
3.124
3.125
3.125
3.125
3.126
3.126
3.126
3.126
3.126
3.127
3.127
3.127
3.127
3.128
3.128
3.128
3.129
3.129
3.129
3.13
3.131
3.131
3.131
3.131
3.131
3.132
3.132
3.132
3.132
3.132
3.132
3.133
3.134
3.134
3.134
3.134
3.134
3.134
3.135
3.135
3.135
3.136
3.136
3.138
3.138
3.138
3.138
3.138
3.139
3.139
3.139
3.139
3.139
3.14
3.14
3.14
3.14
3.141
3.141
3.141
3.141
3.141
3.141
3.142
3.142
3.142
3.142
3.142
3.142
3.142
3.143
3.143
3.143
3.143
3.143
3.143
3.144
3.144
3.144
3.145
3.145
3.145
3.145
3.145
3.145
3.145
3.146
3.146
3.146
3.146
3.146
3.146
3.147
3.147
3.147
3.147
3.147
3.147
3.148
3.149
3.149
3.149
3.149
3.149
3.149
3.149
3.15
3.15
3.15
3.15
3.151
3.151
3.151
3.151
3.152
3.152
3.152
3.152
3.152
3.152
3.153
3.153
3.153
3.153
3.154
3.154
3.154
3.155
3.155
3.155
3.155
3.155
3.156
3.156
3.156
3.156
3.157
3.157
3.157
3.157
3.157
3.158
3.158
3.158
3.158
3.158
3.158
3.158
3.158
3.159
3.159
3.159
3.159
3.159
3.16
3.16
3.161
3.161
3.161
3.162
3.162
3.162
3.162
3.162
3.162
3.162
3.163
3.164
3.164
3.164
3.164
3.165
3.165
3.165
3.165
3.165
3.165
3.165
3.166
3.166
3.166
3.166
3.166
3.166
3.166
3.166
3.167
3.168
3.168
3.168
3.168
3.168
3.168
3.168
3.169
3.169
3.169
3.169
3.169
3.17
3.17
3.17
3.17
3.17
3.17
3.17
3.17
3.171
3.171
3.171
3.171
3.171
3.171
3.172
3.172
3.172
3.172
3.172
3.172
3.173
3.173
3.173
3.173
3.173
3.173
3.173
3.173
3.173
3.174
3.174
3.174
3.174
3.175
3.175
3.175
3.175
3.176
3.176
3.176
3.176
3.177
3.177
3.177
3.177
3.177
3.178
3.178
3.178
3.178
3.179
3.179
3.179
3.179
3.18
3.18
3.18
3.18
3.18
3.18
3.181
3.181
3.181
3.181
3.182
3.182
3.182
3.182
3.182
3.182
3.182
3.183
3.183
3.183
3.184
3.184
3.185
3.185
3.185
3.185
3.185
3.186
3.186
3.186
3.186
3.186
3.186
3.187
3.188
3.188
3.188
3.188
3.188
3.188
3.188
3.189
3.189
3.189
3.189
3.19
3.19
3.19
3.19
3.19
3.191
3.191
3.191
3.191
3.192
3.192
3.192
3.192
3.193
3.193
3.194
3.195
3.195
3.195
3.195
3.195
3.195
3.196
3.196
3.196
3.196
3.197
3.197
3.197
3.197
3.197
3.197
3.198
3.198
3.198
3.198
3.198
3.198
3.198
3.199
3.199
3.199
3.199
3.199
3.2
3.2
3.2
3.201
3.201
3.201
3.201
3.201
3.201
3.201
3.201
3.201
3.202
3.202
3.202
3.202
3.203
3.203
3.204
3.204
3.205
3.205
3.205
3.206
3.206
3.206
3.206
3.207
3.207
3.207
3.207
3.208
3.209
3.209
3.209
3.209
3.21
3.21
3.21
3.21
3.21
3.21
3.211
3.211
3.211
3.211
3.211
3.211
3.212
3.212
3.212
3.212
3.212
3.213
3.213
3.214
3.214
3.214
3.214
3.215
3.215
3.215
3.215
3.216
3.216
3.216
3.216
3.216
3.216
3.217
3.217
3.218
3.218
3.218
3.218
3.218
3.218
3.219
3.219
3.219
3.22
3.22
3.221
3.221
3.221
3.221
3.221
3.222
3.222
3.222
3.223
3.223
3.224
3.224
3.224
3.224
3.224
3.225
3.225
3.225
3.225
3.225
3.226
3.226
3.226
3.226
3.226
3.226
3.227
3.227
3.228
3.228
3.228
3.229
3.229
3.229
3.229
3.229
3.23
3.23
3.23
3.231
3.231
3.232
3.232
3.232
3.232
3.232
3.233
3.233
3.234
3.234
3.234
3.234
3.234
3.234
3.235
3.235
3.235
3.236
3.236
3.236
3.236
3.237
3.237
3.238
3.238
3.238
3.239
3.239
3.239
3.239
3.239
3.239
3.239
3.239
3.239
3.24
3.24
3.24
3.24
3.24
3.241
3.241
3.241
3.241
3.241
3.241
3.242
3.243
3.243
3.243
3.244
3.246
3.246
3.246
3.246
3.246
3.247
3.247
3.248
3.248
3.248
3.249
3.249
3.249
3.25
3.25
3.251
3.251
3.251
3.251
3.252
3.252
3.252
3.252
3.253
3.253
3.253
3.254
3.255
3.255
3.255
3.255
3.255
3.255
3.255
3.256
3.256
3.257
3.257
3.257
3.257
3.258
3.258
3.258
3.258
3.259
3.259
3.259
3.259
3.26
3.26
3.26
3.26
3.261
3.261
3.261
3.262
3.262
3.262
3.263
3.263
3.263
3.264
3.264
3.264
3.264
3.264
3.264
3.264
3.264
3.264
3.265
3.265
3.265
3.265
3.265
3.266
3.267
3.267
3.268
3.268
3.268
3.269
3.27
3.27
3.27
3.27
3.271
3.271
3.272
3.272
3.273
3.273
3.273
3.273
3.273
3.274
3.274
3.274
3.274
3.274
3.274
3.274
3.275
3.275
3.275
3.275
3.275
3.275
3.276
3.277
3.277
3.277
3.277
3.278
3.278
3.278
3.278
3.278
3.279
3.279
3.279
3.28
3.28
3.28
3.28
3.28
3.281
3.281
3.282
3.283
3.283
3.284
3.284
3.284
3.284
3.285
3.286
3.286
3.286
3.286
3.286
3.287
3.287
3.287
3.287
3.287
3.288
3.288
3.288
3.288
3.289
3.289
3.29
3.29
3.29
3.291
3.291
3.291
3.294
3.294
3.294
3.295
3.295
3.295
3.295
3.295
3.295
3.296
3.296
3.296
3.297
3.297
3.298
3.298
3.298
3.298
3.299
3.299
3.299
3.3
3.3
3.3
3.3
3.301
3.301
3.302
3.302
3.302
3.302
3.302
3.303
3.303
3.304
3.305
3.305
3.306
3.307
3.308
3.308
3.308
3.309
3.309
3.31
3.311
3.311
3.311
3.312
3.312
3.312
3.313
3.314
3.314
3.314
3.314
3.315
3.315
3.315
3.316
3.316
3.316
3.318
3.318
3.318
3.318
3.319
3.319
3.319
3.319
3.319
3.319
3.319
3.32
3.321
3.321
3.321
3.321
3.322
3.322
3.322
3.322
3.322
3.322
3.322
3.323
3.323
3.324
3.325
3.325
3.325
3.326
3.326
3.326
3.327
3.327
3.327
3.328
3.328
3.328
3.329
3.329
3.329
3.329
3.329
3.33
3.33
3.331
3.331
3.331
3.331
3.332
3.332
3.333
3.333
3.334
3.334
3.335
3.335
3.335
3.336
3.336
3.336
3.337
3.337
3.337
3.337
3.337
3.338
3.338
3.34
3.34
3.341
3.341
3.341
3.342
3.342
3.343
3.344
3.344
3.344
3.344
3.345
3.346
3.346
3.346
3.348
3.348
3.348
3.349
3.349
3.349
3.349
3.35
3.35
3.35
3.35
3.35
3.35
3.35
3.35
3.351
3.351
3.351
3.351
3.352
3.352
3.352
3.353
3.354
3.354
3.355
3.355
3.355
3.355
3.355
3.356
3.356
3.356
3.356
3.356
3.356
3.357
3.357
3.357
3.358
3.359
3.359
3.361
3.362
3.362
3.362
3.362
3.363
3.363
3.364
3.364
3.365
3.365
3.367
3.367
3.367
3.368
3.368
3.368
3.369
3.369
3.369
3.37
3.37
3.371
3.372
3.372
3.372
3.373
3.373
3.373
3.373
3.373
3.375
3.377
3.377
3.378
3.378
3.379
3.379
3.379
3.379
3.379
3.38
3.38
3.381
3.381
3.381
3.381
3.381
3.382
3.382
3.383
3.383
3.383
3.383
3.384
3.384
3.384
3.384
3.384
3.385
3.385
3.385
3.385
3.385
3.386
3.386
3.387
3.387
3.387
3.389
3.39
3.39
3.39
3.391
3.393
3.393
3.393
3.393
3.393
3.394
3.394
3.394
3.394
3.395
3.396
3.396
3.396
3.397
3.397
3.397
3.397
3.398
3.398
3.399
3.399
3.4
3.4
3.4
3.4
3.401
3.401
3.401
3.401
3.402
3.403
3.403
3.403
3.404
3.404
3.404
3.405
3.406
3.406
3.407
3.407
3.407
3.407
3.407
3.408
3.408
3.409
3.409
3.409
3.41
3.41
3.41
3.411
3.411
3.411
3.411
3.412
3.412
3.413
3.414
3.414
3.414
3.414
3.414
3.415
3.415
3.415
3.415
3.416
3.416
3.416
3.417
3.418
3.418
3.418
3.419
3.42
3.42
3.42
3.421
3.421
3.421
3.421
3.421
3.422
3.422
3.422
3.422
3.422
3.422
3.422
3.423
3.423
3.424
3.424
3.424
3.425
3.425
3.426
3.426
3.426
3.426
3.426
3.427
3.427
3.427
3.428
3.428
3.429
3.429
3.429
3.43
3.43
3.431
3.432
3.432
3.433
3.434
3.435
3.436
3.436
3.437
3.437
3.437
3.437
3.437
3.438
3.438
3.438
3.438
3.439
3.439
3.439
3.44
3.44
3.44
3.441
3.442
3.442
3.443
3.443
3.444
3.445
3.445
3.446
3.447
3.447
3.447
3.448
3.449
3.451
3.452
3.452
3.453
3.453
3.453
3.453
3.453
3.454
3.455
3.455
3.455
3.455
3.455
3.455
3.456
3.457
3.457
3.459
3.459
3.46
3.461
3.461
3.462
3.462
3.462
3.464
3.464
3.464
3.465
3.466
3.466
3.467
3.467
3.469
3.469
3.47
3.47
3.472
3.472
3.473
3.474
3.474
3.474
3.474
3.475
3.475
3.476
3.477
3.477
3.478
3.478
3.478
3.479
3.479
3.48
3.48
3.481
3.481
3.482
3.482
3.482
3.483
3.483
3.483
3.484
3.484
3.484
3.484
3.484
3.485
3.485
3.485
3.487
3.488
3.488
3.489
3.49
3.49
3.49
3.491
3.491
3.491
3.491
3.492
3.492
3.493
3.493
3.493
3.494
3.494
3.494
3.494
3.494
3.495
3.495
3.495
3.496
3.496
3.497
3.498
3.499
3.499
3.499
3.5
3.501
3.502
3.504
3.504
3.507
3.507
3.507
3.507
3.509
3.509
3.51
3.51
3.511
3.513
3.516
3.517
3.517
3.518
3.519
3.519
3.52
3.52
3.521
3.522
3.522
3.522
3.522
3.524
3.524
3.524
3.525
3.525
3.525
3.526
3.526
3.526
3.527
3.527
3.528
3.528
3.528
3.528
3.529
3.53
3.53
3.53
3.531
3.532
3.532
3.533
3.533
3.533
3.534
3.534
3.534
3.534
3.535
3.535
3.535
3.535
3.536
3.536
3.537
3.537
3.538
3.539
3.539
3.539
3.54
3.541
3.543
3.543
3.544
3.544
3.544
3.544
3.546
3.546
3.546
3.547
3.548
3.549
3.549
3.55
3.551
3.552
3.552
3.552
3.552
3.553
3.554
3.554
3.554
3.555
3.555
3.556
3.557
3.557
3.558
3.559
3.56
3.56
3.562
3.562
3.562
3.562
3.563
3.564
3.564
3.564
3.565
3.565
3.565
3.566
3.567
3.567
3.567
3.568
3.569
3.569
3.57
3.57
3.571
3.572
3.572
3.573
3.574
3.574
3.575
3.575
3.575
3.576
3.581
3.582
3.582
3.582
3.584
3.585
3.586
3.586
3.588
3.589
3.589
3.59
3.591
3.591
3.592
3.592
3.592
3.592
3.592
3.593
3.593
3.594
3.595
3.596
3.596
3.596
3.596
3.597
3.597
3.597
3.597
3.598
3.599
3.599
3.599
3.601
3.601
3.602
3.603
3.604
3.604
3.607
3.607
3.607
3.609
3.61
3.611
3.612
3.613
3.613
3.614
3.614
3.616
3.616
3.617
3.617
3.617
3.618
3.619
3.619
3.621
3.621
3.622
3.622
3.624
3.624
3.624
3.624
3.625
3.625
3.625
3.625
3.626
3.626
3.626
3.626
3.626
3.628
3.628
3.63
3.63
3.631
3.631
3.631
3.631
3.632
3.633
3.633
3.633
3.634
3.634
3.634
3.634
3.636
3.636
3.637
3.639
3.643
3.645
3.646
3.647
3.647
3.647
3.648
3.649
3.649
3.652
3.656
3.657
3.658
3.661
3.661
3.662
3.662
3.662
3.662
3.662
3.662
3.662
3.664
3.665
3.666
3.667
3.668
3.671
3.671
3.673
3.673
3.673
3.674
3.676
3.676
3.677
3.677
3.678
3.68
3.68
3.681
3.681
3.681
3.682
3.684
3.684
3.684
3.684
3.684
3.685
3.685
3.685
3.685
3.686
3.687
3.687
3.688
3.69
3.691
3.693
3.695
3.695
3.697
3.697
3.699
3.7
3.701
3.702
3.702
3.703
3.704
3.704
3.706
3.706
3.707
3.707
3.707
3.708
3.709
3.709
3.71
3.711
3.711
3.711
3.713
3.713
3.713
3.714
3.715
3.715
3.715
3.716
3.717
3.717
3.718
3.719
3.72
3.72
3.723
3.723
3.724
3.725
3.727
3.727
3.727
3.73
3.734
3.736
3.736
3.737
3.737
3.738
3.739
3.739
3.741
3.741
3.742
3.742
3.743
3.743
3.744
3.744
3.746
3.747
3.751
3.753
3.753
3.755
3.755
3.756
3.756
3.757
3.758
3.758
3.759
3.76
3.76
3.76
3.764
3.764
3.766
3.766
3.767
3.767
3.769
3.77
3.77
3.77
3.771
3.772
3.772
3.774
3.774
3.775
3.775
3.777
3.778
3.778
3.778
3.778
3.779
3.78
3.781
3.782
3.782
3.784
3.784
3.785
3.786
3.787
3.788
3.788
3.79
3.791
3.799
3.801
3.804
3.806
3.808
3.809
3.809
3.809
3.809
3.81
3.81
3.811
3.812
3.812
3.813
3.814
3.815
3.816
3.818
3.818
3.818
3.82
3.82
3.821
3.822
3.823
3.824
3.827
3.828
3.832
3.833
3.833
3.834
3.841
3.842
3.842
3.843
3.844
3.846
3.848
3.848
3.849
3.849
3.85
3.85
3.851
3.853
3.855
3.858
3.858
3.858
3.859
3.861
3.865
3.868
3.868
3.871
3.872
3.874
3.874
3.876
3.877
3.877
3.877
3.886
3.888
3.888
3.89
3.892
3.894
3.895
3.895
3.896
3.897
3.897
3.901
3.903
3.909
3.914
3.916
3.916
3.922
3.924
3.924
3.928
3.929
3.931
3.933
3.933
3.933
3.934
3.937
3.938
3.944
3.945
3.946
3.947
3.947
3.948
3.948
3.95
3.955
3.955
3.957
3.957
3.958
3.967
3.968
3.969
3.969
3.969
3.971
3.975
3.975
3.977
3.977
3.983
3.984
3.986
3.987
3.987
3.993
3.994
3.998
4.004
4.005
4.006
4.006
4.008
4.01
4.012
4.013
4.017
4.023
4.023
4.023
4.028
4.031
4.032
4.033
4.034
4.039
4.041
4.042
4.043
4.043
4.045
4.05
4.055
4.058
4.06
4.065
4.066
4.067
4.072
4.076
4.076
4.083
4.087
4.091
4.092
4.092
4.092
4.093
4.098
4.098
4.1
4.102
4.107
4.108
4.11
4.112
4.114
4.115
4.119
4.121
4.123
4.123
4.124
4.126
4.128
4.142
4.142
4.144
4.147
4.152
4.152
4.152
4.154
4.158
4.16
4.16
4.161
4.162
4.164
4.165
4.167
4.171
4.179
4.183
4.189
4.19
4.194
4.195
4.198
4.205
4.212
4.212
4.217
4.217
4.22
4.225
4.226
4.238
4.239
4.239
4.242
4.246
4.249
4.26
4.26
4.267
4.28
4.281
4.285
4.291
4.294
4.295
4.296
4.302
4.304
4.313
4.319
4.321
4.323
4.331
4.331
4.339
4.342
4.349
4.36
4.369
4.373
4.383
4.39
4.392
4.413
4.414
4.42
4.426
4.427
4.43
4.437
4.443
4.443
4.444
4.447
4.45
4.45
4.452
4.457
4.461
4.462
4.47
4.474
4.477
4.484
4.485
4.489
4.494
4.495
4.496
4.501
4.502
4.505
4.517
4.524
4.525
4.534
4.535
4.537
4.541
4.546
4.547
4.58
4.581
4.592
4.592
4.592
4.594
4.614
4.614
4.621
4.64
4.672
4.677
4.687
4.688
4.712
4.716
4.72
4.726
4.73
4.754
4.762
4.768
4.769
4.774
4.774
4.784
4.793
4.805
4.809
4.823
4.827
4.848
4.857
4.87
4.879
4.894
4.904
4.925
4.932
4.966
4.967
4.971
4.982
4.984
5.016
5.023
5.032
5.099
5.141
5.151
5.198
5.211
5.226
5.231
5.259
5.332
5.354
5.404
5.41
5.445
5.445
5.482
5.495
5.504
5.542
5.55
5.583
5.602
5.607
5.671
5.817
5.824
5.835
5.836
5.842
5.964
6.134
6.153
6.331
6.381
6.49
6.494
6.573
7.134
7.141
7.217
7.557
8.565
9.05
12.726